 &plot nbnd=   8, nks=   201 /
            0.000000  0.000000  0.000000
   -5.755    6.213    6.213    6.213    8.775    8.775    8.775    9.581
           -0.025000  0.000000  0.000000
   -5.752    6.194    6.201    6.201    8.768    8.790    8.790    9.599
           -0.050000  0.000000  0.000000
   -5.744    6.138    6.166    6.166    8.748    8.836    8.836    9.654
           -0.075000  0.000000  0.000000
   -5.730    6.050    6.110    6.110    8.715    8.908    8.908    9.739
           -0.100000  0.000000  0.000000
   -5.711    5.933    6.036    6.036    8.670    9.005    9.005    9.851
           -0.125000  0.000000  0.000000
   -5.687    5.792    5.949    5.949    8.614    9.123    9.123    9.981
           -0.150000  0.000000  0.000000
   -5.657    5.633    5.851    5.851    8.549    9.257    9.257   10.123
           -0.175000  0.000000  0.000000
   -5.621    5.459    5.746    5.746    8.476    9.406    9.406   10.269
           -0.200000  0.000000  0.000000
   -5.580    5.274    5.635    5.635    8.397    9.567    9.567   10.407
           -0.225000  0.000000  0.000000
   -5.534    5.080    5.520    5.520    8.312    9.738    9.738   10.527
           -0.250000  0.000000  0.000000
   -5.482    4.878    5.404    5.404    8.224    9.917    9.917   10.613
           -0.275000  0.000000  0.000000
   -5.425    4.672    5.287    5.287    8.133   10.103   10.103   10.650
           -0.300000  0.000000  0.000000
   -5.362    4.460    5.171    5.171    8.041   10.296   10.296   10.630
           -0.325000  0.000000  0.000000
   -5.295    4.246    5.056    5.056    7.948   10.493   10.493   10.553
           -0.350000  0.000000  0.000000
   -5.221    4.029    4.942    4.942    7.856   10.431   10.695   10.695
           -0.375000  0.000000  0.000000
   -5.143    3.809    4.831    4.831    7.764   10.278   10.900   10.900
           -0.400000  0.000000  0.000000
   -5.059    3.588    4.722    4.722    7.674   10.105   11.109   11.109
           -0.425000  0.000000  0.000000
   -4.970    3.366    4.616    4.616    7.587    9.920   11.321   11.321
           -0.450000  0.000000  0.000000
   -4.876    3.142    4.514    4.514    7.502    9.730   11.536   11.536
           -0.475000  0.000000  0.000000
   -4.777    2.918    4.415    4.415    7.421    9.539   11.753   11.753
           -0.500000  0.000000  0.000000
   -4.673    2.694    4.320    4.320    7.343    9.348   11.973   11.973
           -0.525000  0.000000  0.000000
   -4.563    2.469    4.229    4.229    7.269    9.161   12.194   12.194
           -0.550000  0.000000  0.000000
   -4.449    2.244    4.141    4.141    7.200    8.978   12.418   12.418
           -0.575000  0.000000  0.000000
   -4.329    2.019    4.058    4.058    7.135    8.800   12.643   12.643
           -0.600000  0.000000  0.000000
   -4.205    1.795    3.980    3.980    7.074    8.629   12.869   12.869
           -0.625000  0.000000  0.000000
   -4.076    1.571    3.905    3.905    7.019    8.465   13.097   13.097
           -0.650000  0.000000  0.000000
   -3.942    1.347    3.836    3.836    6.970    8.307   13.327   13.327
           -0.675000  0.000000  0.000000
   -3.803    1.125    3.770    3.770    6.926    8.157   13.558   13.558
           -0.700000  0.000000  0.000000
   -3.660    0.903    3.710    3.710    6.887    8.015   13.790   13.790
           -0.725000  0.000000  0.000000
   -3.512    0.683    3.654    3.654    6.855    7.880   14.023   14.023
           -0.750000  0.000000  0.000000
   -3.360    0.464    3.602    3.602    6.828    7.754   14.257   14.257
           -0.775000  0.000000  0.000000
   -3.203    0.247    3.556    3.556    6.807    7.635   14.493   14.493
           -0.800000  0.000000  0.000000
   -3.042    0.031    3.514    3.514    6.793    7.525   14.729   14.729
           -0.825000  0.000000  0.000000
   -2.876   -0.182    3.477    3.477    6.786    7.422   14.965   14.965
           -0.850000  0.000000  0.000000
   -2.707   -0.394    3.445    3.445    6.785    7.327   15.200   15.200
           -0.875000  0.000000  0.000000
   -2.533   -0.603    3.418    3.418    6.790    7.241   15.435   15.435
           -0.900000  0.000000  0.000000
   -2.355   -0.810    3.396    3.396    6.803    7.162   15.665   15.665
           -0.925000  0.000000  0.000000
   -2.174   -1.014    3.379    3.379    6.822    7.091   15.888   15.888
           -0.950000  0.000000  0.000000
   -1.989   -1.215    3.366    3.366    6.848    7.027   16.092   16.092
           -0.975000  0.000000  0.000000
   -1.801   -1.414    3.359    3.359    6.882    6.971   16.254   16.254
           -1.000000  0.000000  0.000000
   -1.609   -1.609    3.357    3.357    6.923    6.923   16.321   16.321
           -1.000000  0.012500  0.000000
   -1.609   -1.609    3.354    3.354    6.927    6.927   16.315   16.315
           -1.000000  0.025000  0.000000
   -1.608   -1.608    3.348    3.348    6.938    6.938   16.297   16.297
           -1.000000  0.037500  0.000000
   -1.607   -1.607    3.338    3.338    6.957    6.957   16.265   16.265
           -1.000000  0.050000  0.000000
   -1.605   -1.605    3.323    3.323    6.984    6.984   16.218   16.218
           -1.000000  0.062500  0.000000
   -1.603   -1.603    3.305    3.305    7.017    7.017   16.155   16.155
           -1.000000  0.075000  0.000000
   -1.601   -1.601    3.284    3.284    7.058    7.058   16.076   16.076
           -1.000000  0.087500  0.000000
   -1.598   -1.598    3.259    3.259    7.105    7.105   15.980   15.980
           -1.000000  0.100000  0.000000
   -1.594   -1.594    3.232    3.232    7.158    7.158   15.870   15.870
           -1.000000  0.112500  0.000000
   -1.591   -1.591    3.202    3.202    7.218    7.218   15.748   15.748
           -1.000000  0.125000  0.000000
   -1.587   -1.587    3.169    3.169    7.283    7.283   15.617   15.617
           -1.000000  0.137500  0.000000
   -1.582   -1.582    3.135    3.135    7.353    7.353   15.477   15.477
           -1.000000  0.150000  0.000000
   -1.577   -1.577    3.099    3.099    7.429    7.429   15.331   15.331
           -1.000000  0.162500  0.000000
   -1.572   -1.572    3.062    3.062    7.510    7.510   15.181   15.181
           -1.000000  0.175000  0.000000
   -1.567   -1.567    3.025    3.025    7.594    7.594   15.027   15.027
           -1.000000  0.187500  0.000000
   -1.561   -1.561    2.986    2.986    7.684    7.684   14.870   14.870
           -1.000000  0.200000  0.000000
   -1.556   -1.556    2.947    2.947    7.777    7.777   14.711   14.711
           -1.000000  0.212500  0.000000
   -1.550   -1.550    2.908    2.908    7.874    7.874   14.551   14.551
           -1.000000  0.225000  0.000000
   -1.543   -1.543    2.869    2.869    7.974    7.974   14.389   14.389
           -1.000000  0.237500  0.000000
   -1.537   -1.537    2.830    2.830    8.078    8.078   14.227   14.227
           -1.000000  0.250000  0.000000
   -1.531   -1.531    2.792    2.792    8.185    8.185   14.064   14.064
           -1.000000  0.262500  0.000000
   -1.524   -1.524    2.754    2.754    8.295    8.295   13.901   13.901
           -1.000000  0.275000  0.000000
   -1.518   -1.518    2.718    2.718    8.407    8.407   13.738   13.738
           -1.000000  0.287500  0.000000
   -1.511   -1.511    2.682    2.682    8.522    8.522   13.575   13.575
           -1.000000  0.300000  0.000000
   -1.505   -1.505    2.648    2.648    8.640    8.640   13.412   13.412
           -1.000000  0.312500  0.000000
   -1.499   -1.499    2.615    2.615    8.760    8.760   13.250   13.250
           -1.000000  0.325000  0.000000
   -1.493   -1.493    2.584    2.584    8.881    8.881   13.089   13.089
           -1.000000  0.337500  0.000000
   -1.487   -1.487    2.554    2.554    9.005    9.005   12.928   12.928
           -1.000000  0.350000  0.000000
   -1.481   -1.481    2.526    2.526    9.131    9.131   12.768   12.768
           -1.000000  0.362500  0.000000
   -1.476   -1.476    2.499    2.499    9.258    9.258   12.610   12.610
           -1.000000  0.375000  0.000000
   -1.471   -1.471    2.475    2.475    9.387    9.387   12.453   12.453
           -1.000000  0.387500  0.000000
   -1.466   -1.466    2.453    2.453    9.517    9.517   12.297   12.297
           -1.000000  0.400000  0.000000
   -1.462   -1.462    2.433    2.433    9.647    9.647   12.144   12.144
           -1.000000  0.412500  0.000000
   -1.458   -1.458    2.415    2.415    9.778    9.778   11.993   11.993
           -1.000000  0.425000  0.000000
   -1.454   -1.454    2.399    2.399    9.908    9.908   11.845   11.845
           -1.000000  0.437500  0.000000
   -1.451   -1.451    2.386    2.386   10.037   10.037   11.701   11.701
           -1.000000  0.450000  0.000000
   -1.449   -1.449    2.375    2.375   10.162   10.162   11.564   11.564
           -1.000000  0.462500  0.000000
   -1.447   -1.447    2.366    2.366   10.279   10.279   11.437   11.437
           -1.000000  0.475000  0.000000
   -1.446   -1.446    2.360    2.360   10.382   10.382   11.328   11.328
           -1.000000  0.487500  0.000000
   -1.445   -1.445    2.357    2.357   10.458   10.458   11.248   11.248
           -1.000000  0.500000  0.000000
   -1.445   -1.445    2.355    2.355   10.487   10.487   11.218   11.218
           -0.993750  0.506250  0.000000
   -1.473   -1.416    2.334    2.378   10.451   10.506   11.209   11.245
           -0.987500  0.512500  0.000000
   -1.501   -1.389    2.313    2.403   10.389   10.520   11.227   11.278
           -0.981250  0.518750  0.000000
   -1.528   -1.364    2.293    2.429   10.309   10.530   11.266   11.316
           -0.975000  0.525000  0.000000
   -1.554   -1.339    2.273    2.458   10.216   10.536   11.319   11.360
           -0.968750  0.531250  0.000000
   -1.579   -1.316    2.253    2.488   10.116   10.539   11.382   11.407
           -0.962500  0.537500  0.000000
   -1.604   -1.293    2.234    2.520   10.011   10.539   11.451   11.459
           -0.956250  0.543750  0.000000
   -1.628   -1.272    2.215    2.554    9.903   10.537   11.513   11.524
           -0.950000  0.550000  0.000000
   -1.652   -1.252    2.197    2.590    9.794   10.533   11.571   11.601
           -0.943750  0.556250  0.000000
   -1.675   -1.233    2.180    2.628    9.684   10.528   11.631   11.681
           -0.937500  0.562500  0.000000
   -1.697   -1.216    2.163    2.667    9.574   10.521   11.693   11.762
           -0.931250  0.568750  0.000000
   -1.718   -1.199    2.146    2.707    9.465   10.514   11.757   11.845
           -0.925000  0.575000  0.000000
   -1.739   -1.183    2.130    2.749    9.356   10.506   11.822   11.930
           -0.918750  0.581250  0.000000
   -1.758   -1.168    2.115    2.792    9.248   10.498   11.889   12.016
           -0.912500  0.587500  0.000000
   -1.778   -1.155    2.100    2.836    9.142   10.489   11.957   12.103
           -0.906250  0.593750  0.000000
   -1.796   -1.142    2.085    2.882    9.036   10.480   12.026   12.191
           -0.900000  0.600000  0.000000
   -1.814   -1.130    2.071    2.928    8.933   10.471   12.096   12.280
           -0.893750  0.606250  0.000000
   -1.831   -1.119    2.058    2.975    8.831   10.462   12.166   12.369
           -0.887500  0.612500  0.000000
   -1.847   -1.108    2.045    3.023    8.730   10.453   12.238   12.460
           -0.881250  0.618750  0.000000
   -1.863   -1.099    2.033    3.071    8.632   10.445   12.310   12.551
           -0.875000  0.625000  0.000000
   -1.877   -1.090    2.021    3.119    8.536   10.436   12.383   12.643
           -0.868750  0.631250  0.000000
   -1.892   -1.082    2.010    3.168    8.442   10.428   12.456   12.735
           -0.862500  0.637500  0.000000
   -1.905   -1.074    1.999    3.216    8.351   10.420   12.530   12.828
           -0.856250  0.643750  0.000000
   -1.918   -1.067    1.989    3.265    8.263   10.412   12.604   12.922
           -0.850000  0.650000  0.000000
   -1.930   -1.061    1.980    3.312    8.177   10.405   12.678   13.016
           -0.843750  0.656250  0.000000
   -1.941   -1.055    1.971    3.359    8.095   10.398   12.753   13.111
           -0.837500  0.662500  0.000000
   -1.951   -1.050    1.963    3.405    8.016   10.391   12.827   13.206
           -0.831250  0.668750  0.000000
   -1.961   -1.045    1.955    3.450    7.941   10.385   12.902   13.302
           -0.825000  0.675000  0.000000
   -1.970   -1.041    1.948    3.493    7.869   10.379   12.976   13.397
           -0.818750  0.681250  0.000000
   -1.979   -1.037    1.941    3.535    7.802   10.374   13.051   13.494
           -0.812500  0.687500  0.000000
   -1.986   -1.034    1.935    3.574    7.739   10.369   13.125   13.590
           -0.806250  0.693750  0.000000
   -1.993   -1.031    1.929    3.611    7.681   10.364   13.198   13.687
           -0.800000  0.700000  0.000000
   -1.999   -1.028    1.924    3.645    7.628   10.360   13.271   13.784
           -0.793750  0.706250  0.000000
   -2.005   -1.026    1.920    3.676    7.580   10.357   13.342   13.881
           -0.787500  0.712500  0.000000
   -2.009   -1.024    1.916    3.704    7.538   10.354   13.411   13.977
           -0.781250  0.718750  0.000000
   -2.013   -1.022    1.913    3.728    7.502   10.351   13.478   14.073
           -0.775000  0.725000  0.000000
   -2.017   -1.021    1.911    3.748    7.472   10.349   13.540   14.168
           -0.768750  0.731250  0.000000
   -2.019   -1.020    1.908    3.763    7.448   10.347   13.596   14.260
           -0.762500  0.737500  0.000000
   -2.021   -1.019    1.907    3.775    7.431   10.346   13.642   14.275
           -0.756250  0.743750  0.000000
   -2.022   -1.019    1.906    3.782    7.421   10.345   13.673   14.244
           -0.750000  0.750000  0.000000
   -2.022   -1.019    1.906    3.784    7.417   10.345   13.684   14.233
           -0.731250  0.731250  0.000000
   -2.111   -0.927    1.849    3.848    7.492   10.725   13.454   13.998
           -0.712500  0.712500  0.000000
   -2.210   -0.829    1.812    3.916    7.571   11.109   13.228   13.772
           -0.693750  0.693750  0.000000
   -2.318   -0.724    1.792    3.988    7.654   11.492   13.005   13.559
           -0.675000  0.675000  0.000000
   -2.435   -0.613    1.790    4.063    7.741   11.864   12.787   13.367
           -0.656250  0.656250  0.000000
   -2.559   -0.496    1.805    4.142    7.832   12.197   12.574   13.226
           -0.637500  0.637500  0.000000
   -2.688   -0.372    1.837    4.223    7.926   12.366   12.403   13.221
           -0.618750  0.618750  0.000000
   -2.822   -0.242    1.883    4.307    8.023   12.163   12.396   13.224
           -0.600000  0.600000  0.000000
   -2.960   -0.105    1.943    4.394    8.122   11.965   12.269   13.068
           -0.581250  0.581250  0.000000
   -3.100    0.038    2.015    4.483    8.223   11.773   12.104   12.918
           -0.562500  0.562500  0.000000
   -3.242    0.187    2.100    4.573    8.326   11.586   11.929   12.776
           -0.543750  0.543750  0.000000
   -3.383    0.342    2.195    4.665    8.428   11.404   11.753   12.642
           -0.525000  0.525000  0.000000
   -3.524    0.504    2.301    4.758    8.530   11.229   11.578   12.516
           -0.506250  0.506250  0.000000
   -3.664    0.672    2.416    4.851    8.631   11.059   11.407   12.399
           -0.487500  0.487500  0.000000
   -3.802    0.845    2.539    4.945    8.729   10.895   11.241   12.293
           -0.468750  0.468750  0.000000
   -3.937    1.025    2.670    5.038    8.822   10.736   11.079   12.198
           -0.450000  0.450000  0.000000
   -4.070    1.211    2.808    5.129    8.910   10.584   10.922   12.116
           -0.431250  0.431250  0.000000
   -4.199    1.402    2.953    5.220    8.991   10.438   10.770   12.046
           -0.412500  0.412500  0.000000
   -4.324    1.600    3.104    5.308    9.064   10.297   10.624   11.989
           -0.393750  0.393750  0.000000
   -4.446    1.802    3.261    5.394    9.127   10.163   10.482   11.945
           -0.375000  0.375000  0.000000
   -4.562    2.011    3.423    5.476    9.179   10.034   10.347   11.915
           -0.356250  0.356250  0.000000
   -4.675    2.225    3.589    5.555    9.220    9.912   10.216   11.895
           -0.337500  0.337500  0.000000
   -4.782    2.444    3.759    5.630    9.249    9.796   10.091   11.884
           -0.318750  0.318750  0.000000
   -4.884    2.667    3.932    5.701    9.267    9.686    9.971   11.877
           -0.300000  0.300000  0.000000
   -4.982    2.896    4.107    5.767    9.275    9.583    9.856   11.868
           -0.281250  0.281250  0.000000
   -5.073    3.129    4.285    5.828    9.274    9.485    9.747   11.848
           -0.262500  0.262500  0.000000
   -5.160    3.366    4.463    5.885    9.265    9.394    9.642   11.809
           -0.243750  0.243750  0.000000
   -5.241    3.607    4.641    5.936    9.250    9.309    9.542   11.738
           -0.225000  0.225000  0.000000
   -5.316    3.851    4.818    5.982    9.230    9.230    9.447   11.629
           -0.206250  0.206250  0.000000
   -5.385    4.098    4.993    6.023    9.157    9.206    9.357   11.476
           -0.187500  0.187500  0.000000
   -5.449    4.346    5.164    6.059    9.091    9.179    9.271   11.286
           -0.168750  0.168750  0.000000
   -5.507    4.594    5.329    6.091    9.031    9.149    9.191   11.067
           -0.150000  0.150000  0.000000
   -5.559    4.842    5.488    6.119    8.977    9.115    9.117   10.830
           -0.131250  0.131250  0.000000
   -5.605    5.085    5.638    6.142    8.930    9.045    9.083   10.587
           -0.112500  0.112500  0.000000
   -5.644    5.322    5.776    6.162    8.889    8.980    9.044   10.350
           -0.093750  0.093750  0.000000
   -5.678    5.548    5.900    6.178    8.854    8.922    9.000   10.128
           -0.075000  0.075000  0.000000
   -5.706    5.756    6.007    6.191    8.826    8.872    8.950    9.934
           -0.056250  0.056250  0.000000
   -5.727    5.939    6.094    6.200    8.804    8.831    8.893    9.778
           -0.037500  0.037500  0.000000
   -5.743    6.084    6.159    6.207    8.788    8.801    8.836    9.667
           -0.018750  0.018750  0.000000
   -5.752    6.179    6.199    6.211    8.778    8.781    8.792    9.602
            0.000000  0.000000  0.000000
   -5.755    6.213    6.213    6.213    8.775    8.775    8.775    9.581
           -0.012500  0.012500  0.012500
   -5.753    6.188    6.209    6.209    8.780    8.780    8.782    9.595
           -0.025000  0.025000  0.025000
   -5.747    6.115    6.198    6.198    8.796    8.796    8.800    9.638
           -0.037500  0.037500  0.037500
   -5.737    6.002    6.181    6.181    8.821    8.821    8.821    9.714
           -0.050000  0.050000  0.050000
   -5.722    5.855    6.157    6.157    8.835    8.856    8.856    9.822
           -0.062500  0.062500  0.062500
   -5.704    5.682    6.128    6.128    8.839    8.899    8.899    9.960
           -0.075000  0.075000  0.075000
   -5.681    5.489    6.094    6.094    8.832    8.950    8.950   10.123
           -0.087500  0.087500  0.087500
   -5.655    5.283    6.055    6.055    8.814    9.006    9.006   10.306
           -0.100000  0.100000  0.100000
   -5.624    5.066    6.014    6.014    8.787    9.068    9.068   10.504
           -0.112500  0.112500  0.112500
   -5.589    4.842    5.969    5.969    8.754    9.133    9.133   10.712
           -0.125000  0.125000  0.125000
   -5.551    4.612    5.923    5.923    8.715    9.200    9.200   10.927
           -0.137500  0.137500  0.137500
   -5.508    4.379    5.875    5.875    8.673    9.268    9.268   11.147
           -0.150000  0.150000  0.150000
   -5.462    4.144    5.827    5.827    8.628    9.336    9.336   11.370
           -0.162500  0.162500  0.162500
   -5.411    3.908    5.778    5.778    8.581    9.402    9.402   11.594
           -0.175000  0.175000  0.175000
   -5.357    3.672    5.729    5.729    8.532    9.465    9.465   11.819
           -0.187500  0.187500  0.187500
   -5.299    3.436    5.680    5.680    8.483    9.523    9.523   12.044
           -0.200000  0.200000  0.200000
   -5.237    3.201    5.632    5.632    8.434    9.577    9.577   12.268
           -0.212500  0.212500  0.212500
   -5.172    2.968    5.585    5.585    8.385    9.623    9.623   12.490
           -0.225000  0.225000  0.225000
   -5.103    2.737    5.539    5.539    8.337    9.663    9.663   12.710
           -0.237500  0.237500  0.237500
   -5.031    2.508    5.494    5.494    8.289    9.695    9.695   12.925
           -0.250000  0.250000  0.250000
   -4.955    2.282    5.451    5.451    8.243    9.719    9.719   13.135
           -0.262500  0.262500  0.262500
   -4.876    2.059    5.410    5.410    8.198    9.736    9.736   13.337
           -0.275000  0.275000  0.275000
   -4.794    1.840    5.370    5.370    8.155    9.746    9.746   13.528
           -0.287500  0.287500  0.287500
   -4.709    1.625    5.332    5.332    8.113    9.749    9.749   13.695
           -0.300000  0.300000  0.300000
   -4.622    1.414    5.296    5.296    8.073    9.747    9.747   13.818
           -0.312500  0.312500  0.312500
   -4.532    1.207    5.262    5.262    8.035    9.740    9.740   13.954
           -0.325000  0.325000  0.325000
   -4.440    1.005    5.230    5.230    8.000    9.729    9.729   14.052
           -0.337500  0.337500  0.337500
   -4.346    0.809    5.201    5.201    7.966    9.716    9.716   14.098
           -0.350000  0.350000  0.350000
   -4.251    0.619    5.173    5.173    7.935    9.700    9.700   14.116
           -0.362500  0.362500  0.362500
   -4.156    0.436    5.147    5.147    7.906    9.683    9.683   14.115
           -0.375000  0.375000  0.375000
   -4.061    0.261    5.124    5.124    7.880    9.665    9.665   14.102
           -0.387500  0.387500  0.387500
   -3.966    0.094    5.103    5.103    7.856    9.647    9.647   14.083
           -0.400000  0.400000  0.400000
   -3.874   -0.064    5.084    5.084    7.834    9.629    9.629   14.060
           -0.412500  0.412500  0.412500
   -3.785   -0.211    5.067    5.067    7.815    9.613    9.613   14.038
           -0.425000  0.425000  0.425000
   -3.701   -0.344    5.052    5.052    7.798    9.598    9.598   14.016
           -0.437500  0.437500  0.437500
   -3.624   -0.464    5.040    5.040    7.784    9.585    9.585   13.996
           -0.450000  0.450000  0.450000
   -3.557   -0.566    5.030    5.030    7.772    9.574    9.574   13.979
           -0.462500  0.462500  0.462500
   -3.500   -0.650    5.022    5.022    7.763    9.565    9.565   13.966
           -0.475000  0.475000  0.475000
   -3.458   -0.712    5.016    5.016    7.757    9.559    9.559   13.956
           -0.487500  0.487500  0.487500
   -3.431   -0.750    5.013    5.013    7.753    9.555    9.555   13.950
           -0.500000  0.500000  0.500000
   -3.422   -0.763    5.012    5.012    7.752    9.554    9.554   13.948
