 &plot nbnd=   8, nks=   201 /
            0.000000  0.000000  0.000000
   -5.750    6.219    6.219    6.219    8.778    8.778    8.778    9.588
           -0.025000  0.000000  0.000000
   -5.747    6.200    6.207    6.207    8.772    8.794    8.794    9.606
           -0.050000  0.000000  0.000000
   -5.739    6.144    6.171    6.171    8.751    8.839    8.839    9.661
           -0.075000  0.000000  0.000000
   -5.725    6.056    6.116    6.116    8.718    8.912    8.912    9.746
           -0.100000  0.000000  0.000000
   -5.706    5.939    6.042    6.042    8.673    9.009    9.009    9.858
           -0.125000  0.000000  0.000000
   -5.681    5.798    5.955    5.955    8.618    9.126    9.126    9.988
           -0.150000  0.000000  0.000000
   -5.651    5.639    5.857    5.857    8.553    9.261    9.261   10.130
           -0.175000  0.000000  0.000000
   -5.616    5.466    5.751    5.751    8.480    9.410    9.410   10.275
           -0.200000  0.000000  0.000000
   -5.575    5.280    5.640    5.640    8.400    9.571    9.571   10.414
           -0.225000  0.000000  0.000000
   -5.529    5.086    5.526    5.526    8.316    9.742    9.742   10.533
           -0.250000  0.000000  0.000000
   -5.477    4.885    5.410    5.410    8.228    9.922    9.922   10.619
           -0.275000  0.000000  0.000000
   -5.420    4.678    5.293    5.293    8.137   10.108   10.108   10.656
           -0.300000  0.000000  0.000000
   -5.357    4.467    5.176    5.176    8.045   10.300   10.300   10.635
           -0.325000  0.000000  0.000000
   -5.289    4.252    5.061    5.061    7.952   10.497   10.497   10.558
           -0.350000  0.000000  0.000000
   -5.216    4.035    4.947    4.947    7.860   10.436   10.699   10.699
           -0.375000  0.000000  0.000000
   -5.138    3.815    4.836    4.836    7.768   10.282   10.905   10.905
           -0.400000  0.000000  0.000000
   -5.054    3.594    4.727    4.727    7.678   10.109   11.114   11.114
           -0.425000  0.000000  0.000000
   -4.965    3.372    4.621    4.621    7.591    9.924   11.326   11.326
           -0.450000  0.000000  0.000000
   -4.871    3.149    4.519    4.519    7.506    9.734   11.541   11.541
           -0.475000  0.000000  0.000000
   -4.772    2.924    4.420    4.420    7.425    9.543   11.758   11.758
           -0.500000  0.000000  0.000000
   -4.667    2.700    4.325    4.325    7.347    9.352   11.977   11.977
           -0.525000  0.000000  0.000000
   -4.558    2.475    4.234    4.234    7.273    9.165   12.199   12.199
           -0.550000  0.000000  0.000000
   -4.443    2.250    4.147    4.147    7.204    8.982   12.422   12.422
           -0.575000  0.000000  0.000000
   -4.324    2.025    4.064    4.064    7.139    8.804   12.647   12.647
           -0.600000  0.000000  0.000000
   -4.200    1.801    3.985    3.985    7.079    8.633   12.874   12.874
           -0.625000  0.000000  0.000000
   -4.071    1.577    3.910    3.910    7.024    8.468   13.102   13.102
           -0.650000  0.000000  0.000000
   -3.937    1.353    3.841    3.841    6.974    8.311   13.331   13.331
           -0.675000  0.000000  0.000000
   -3.798    1.131    3.775    3.775    6.930    8.161   13.562   13.562
           -0.700000  0.000000  0.000000
   -3.655    0.909    3.715    3.715    6.891    8.019   13.794   13.794
           -0.725000  0.000000  0.000000
   -3.507    0.689    3.659    3.659    6.859    7.884   14.028   14.028
           -0.750000  0.000000  0.000000
   -3.354    0.470    3.607    3.607    6.832    7.758   14.262   14.262
           -0.775000  0.000000  0.000000
   -3.197    0.253    3.561    3.561    6.812    7.639   14.497   14.497
           -0.800000  0.000000  0.000000
   -3.036    0.037    3.519    3.519    6.798    7.528   14.733   14.733
           -0.825000  0.000000  0.000000
   -2.871   -0.177    3.482    3.482    6.790    7.426   14.969   14.969
           -0.850000  0.000000  0.000000
   -2.701   -0.388    3.450    3.450    6.789    7.331   15.205   15.205
           -0.875000  0.000000  0.000000
   -2.527   -0.597    3.423    3.423    6.794    7.245   15.439   15.439
           -0.900000  0.000000  0.000000
   -2.350   -0.804    3.401    3.401    6.807    7.166   15.670   15.670
           -0.925000  0.000000  0.000000
   -2.169   -1.008    3.384    3.384    6.826    7.095   15.892   15.892
           -0.950000  0.000000  0.000000
   -1.984   -1.210    3.371    3.371    6.852    7.031   16.097   16.097
           -0.975000  0.000000  0.000000
   -1.795   -1.408    3.364    3.364    6.886    6.975   16.259   16.259
           -1.000000  0.000000  0.000000
   -1.603   -1.603    3.362    3.362    6.927    6.927   16.326   16.326
           -1.000000  0.012500  0.000000
   -1.603   -1.603    3.359    3.359    6.931    6.931   16.320   16.320
           -1.000000  0.025000  0.000000
   -1.602   -1.602    3.353    3.353    6.942    6.942   16.302   16.302
           -1.000000  0.037500  0.000000
   -1.601   -1.601    3.343    3.343    6.961    6.961   16.270   16.270
           -1.000000  0.050000  0.000000
   -1.599   -1.599    3.328    3.328    6.988    6.988   16.223   16.223
           -1.000000  0.062500  0.000000
   -1.597   -1.597    3.310    3.310    7.021    7.021   16.160   16.160
           -1.000000  0.075000  0.000000
   -1.595   -1.595    3.289    3.289    7.062    7.062   16.080   16.080
           -1.000000  0.087500  0.000000
   -1.592   -1.592    3.264    3.264    7.109    7.109   15.985   15.985
           -1.000000  0.100000  0.000000
   -1.589   -1.589    3.237    3.237    7.162    7.162   15.875   15.875
           -1.000000  0.112500  0.000000
   -1.585   -1.585    3.207    3.207    7.222    7.222   15.753   15.753
           -1.000000  0.125000  0.000000
   -1.581   -1.581    3.174    3.174    7.287    7.287   15.621   15.621
           -1.000000  0.137500  0.000000
   -1.577   -1.577    3.140    3.140    7.358    7.358   15.482   15.482
           -1.000000  0.150000  0.000000
   -1.572   -1.572    3.104    3.104    7.433    7.433   15.336   15.336
           -1.000000  0.162500  0.000000
   -1.567   -1.567    3.067    3.067    7.514    7.514   15.185   15.185
           -1.000000  0.175000  0.000000
   -1.561   -1.561    3.029    3.029    7.599    7.599   15.031   15.031
           -1.000000  0.187500  0.000000
   -1.556   -1.556    2.991    2.991    7.688    7.688   14.874   14.874
           -1.000000  0.200000  0.000000
   -1.550   -1.550    2.952    2.952    7.781    7.781   14.716   14.716
           -1.000000  0.212500  0.000000
   -1.544   -1.544    2.913    2.913    7.878    7.878   14.555   14.555
           -1.000000  0.225000  0.000000
   -1.538   -1.538    2.874    2.874    7.978    7.978   14.393   14.393
           -1.000000  0.237500  0.000000
   -1.531   -1.531    2.835    2.835    8.082    8.082   14.231   14.231
           -1.000000  0.250000  0.000000
   -1.525   -1.525    2.797    2.797    8.189    8.189   14.068   14.068
           -1.000000  0.262500  0.000000
   -1.519   -1.519    2.759    2.759    8.299    8.299   13.905   13.905
           -1.000000  0.275000  0.000000
   -1.512   -1.512    2.722    2.722    8.411    8.411   13.742   13.742
           -1.000000  0.287500  0.000000
   -1.506   -1.506    2.687    2.687    8.526    8.526   13.579   13.579
           -1.000000  0.300000  0.000000
   -1.499   -1.499    2.653    2.653    8.644    8.644   13.416   13.416
           -1.000000  0.312500  0.000000
   -1.493   -1.493    2.620    2.620    8.764    8.764   13.254   13.254
           -1.000000  0.325000  0.000000
   -1.487   -1.487    2.588    2.588    8.886    8.886   13.093   13.093
           -1.000000  0.337500  0.000000
   -1.481   -1.481    2.558    2.558    9.010    9.010   12.932   12.932
           -1.000000  0.350000  0.000000
   -1.475   -1.475    2.530    2.530    9.135    9.135   12.773   12.773
           -1.000000  0.362500  0.000000
   -1.470   -1.470    2.504    2.504    9.263    9.263   12.614   12.614
           -1.000000  0.375000  0.000000
   -1.465   -1.465    2.480    2.480    9.391    9.391   12.457   12.457
           -1.000000  0.387500  0.000000
   -1.460   -1.460    2.458    2.458    9.521    9.521   12.301   12.301
           -1.000000  0.400000  0.000000
   -1.456   -1.456    2.438    2.438    9.652    9.652   12.148   12.148
           -1.000000  0.412500  0.000000
   -1.452   -1.452    2.420    2.420    9.782    9.782   11.997   11.997
           -1.000000  0.425000  0.000000
   -1.449   -1.449    2.404    2.404    9.913    9.913   11.849   11.849
           -1.000000  0.437500  0.000000
   -1.446   -1.446    2.391    2.391   10.041   10.041   11.706   11.706
           -1.000000  0.450000  0.000000
   -1.443   -1.443    2.380    2.380   10.166   10.166   11.569   11.569
           -1.000000  0.462500  0.000000
   -1.441   -1.441    2.371    2.371   10.284   10.284   11.442   11.442
           -1.000000  0.475000  0.000000
   -1.440   -1.440    2.365    2.365   10.387   10.387   11.332   11.332
           -1.000000  0.487500  0.000000
   -1.439   -1.439    2.361    2.361   10.462   10.462   11.252   11.252
           -1.000000  0.500000  0.000000
   -1.439   -1.439    2.360    2.360   10.491   10.491   11.222   11.222
           -0.993750  0.506250  0.000000
   -1.467   -1.411    2.339    2.383   10.455   10.510   11.213   11.249
           -0.987500  0.512500  0.000000
   -1.495   -1.384    2.318    2.407   10.394   10.525   11.232   11.282
           -0.981250  0.518750  0.000000
   -1.522   -1.358    2.297    2.434   10.313   10.535   11.271   11.320
           -0.975000  0.525000  0.000000
   -1.548   -1.333    2.277    2.462   10.221   10.541   11.324   11.364
           -0.968750  0.531250  0.000000
   -1.574   -1.310    2.258    2.493   10.120   10.544   11.386   11.411
           -0.962500  0.537500  0.000000
   -1.599   -1.288    2.239    2.525   10.015   10.544   11.455   11.463
           -0.956250  0.543750  0.000000
   -1.623   -1.267    2.220    2.559    9.907   10.542   11.517   11.529
           -0.950000  0.550000  0.000000
   -1.646   -1.247    2.202    2.595    9.798   10.538   11.575   11.606
           -0.943750  0.556250  0.000000
   -1.669   -1.228    2.184    2.632    9.688   10.532   11.635   11.685
           -0.937500  0.562500  0.000000
   -1.691   -1.210    2.167    2.671    9.579   10.526   11.697   11.767
           -0.931250  0.568750  0.000000
   -1.712   -1.193    2.151    2.712    9.469   10.519   11.761   11.850
           -0.925000  0.575000  0.000000
   -1.733   -1.177    2.135    2.754    9.360   10.511   11.826   11.934
           -0.918750  0.581250  0.000000
   -1.753   -1.163    2.119    2.797    9.253   10.502   11.893   12.020
           -0.912500  0.587500  0.000000
   -1.772   -1.149    2.104    2.841    9.146   10.493   11.961   12.107
           -0.906250  0.593750  0.000000
   -1.790   -1.136    2.090    2.886    9.041   10.484   12.030   12.195
           -0.900000  0.600000  0.000000
   -1.808   -1.124    2.076    2.933    8.937   10.475   12.100   12.284
           -0.893750  0.606250  0.000000
   -1.825   -1.113    2.063    2.980    8.835   10.467   12.171   12.374
           -0.887500  0.612500  0.000000
   -1.841   -1.103    2.050    3.028    8.735   10.458   12.242   12.464
           -0.881250  0.618750  0.000000
   -1.857   -1.093    2.038    3.076    8.636   10.449   12.314   12.555
           -0.875000  0.625000  0.000000
   -1.872   -1.084    2.026    3.124    8.540   10.440   12.387   12.647
           -0.868750  0.631250  0.000000
   -1.886   -1.076    2.015    3.173    8.447   10.432   12.460   12.740
           -0.862500  0.637500  0.000000
   -1.899   -1.068    2.004    3.221    8.355   10.424   12.534   12.833
           -0.856250  0.643750  0.000000
   -1.912   -1.062    1.994    3.270    8.267   10.417   12.608   12.926
           -0.850000  0.650000  0.000000
   -1.924   -1.055    1.984    3.317    8.181   10.409   12.682   13.021
           -0.843750  0.656250  0.000000
   -1.935   -1.050    1.976    3.364    8.099   10.402   12.757   13.115
           -0.837500  0.662500  0.000000
   -1.946   -1.044    1.967    3.410    8.020   10.396   12.831   13.210
           -0.831250  0.668750  0.000000
   -1.955   -1.040    1.959    3.455    7.945   10.389   12.906   13.306
           -0.825000  0.675000  0.000000
   -1.965   -1.035    1.952    3.498    7.873   10.384   12.981   13.402
           -0.818750  0.681250  0.000000
   -1.973   -1.032    1.946    3.540    7.806   10.378   13.055   13.498
           -0.812500  0.687500  0.000000
   -1.980   -1.028    1.939    3.579    7.743   10.373   13.129   13.595
           -0.806250  0.693750  0.000000
   -1.987   -1.025    1.934    3.616    7.685   10.369   13.202   13.691
           -0.800000  0.700000  0.000000
   -1.994   -1.022    1.929    3.650    7.632   10.365   13.275   13.788
           -0.793750  0.706250  0.000000
   -1.999   -1.020    1.925    3.681    7.584   10.361   13.346   13.885
           -0.787500  0.712500  0.000000
   -2.004   -1.018    1.921    3.709    7.542   10.358   13.415   13.982
           -0.781250  0.718750  0.000000
   -2.008   -1.017    1.918    3.733    7.506   10.355   13.482   14.078
           -0.775000  0.725000  0.000000
   -2.011   -1.015    1.915    3.753    7.476   10.353   13.544   14.172
           -0.768750  0.731250  0.000000
   -2.014   -1.014    1.913    3.768    7.452   10.351   13.600   14.265
           -0.762500  0.737500  0.000000
   -2.015   -1.013    1.912    3.780    7.435   10.350   13.646   14.280
           -0.756250  0.743750  0.000000
   -2.016   -1.013    1.911    3.787    7.425   10.350   13.677   14.249
           -0.750000  0.750000  0.000000
   -2.017   -1.013    1.910    3.789    7.421   10.349   13.688   14.238
           -0.731250  0.731250  0.000000
   -2.106   -0.921    1.854    3.853    7.496   10.729   13.458   14.003
           -0.712500  0.712500  0.000000
   -2.205   -0.823    1.816    3.921    7.575   11.113   13.231   13.777
           -0.693750  0.693750  0.000000
   -2.313   -0.719    1.797    3.993    7.658   11.496   13.009   13.564
           -0.675000  0.675000  0.000000
   -2.429   -0.608    1.795    4.068    7.745   11.869   12.791   13.372
           -0.656250  0.656250  0.000000
   -2.553   -0.490    1.810    4.147    7.836   12.202   12.578   13.231
           -0.637500  0.637500  0.000000
   -2.683   -0.366    1.841    4.228    7.930   12.370   12.408   13.226
           -0.618750  0.618750  0.000000
   -2.817   -0.236    1.887    4.313    8.027   12.167   12.402   13.229
           -0.600000  0.600000  0.000000
   -2.955   -0.100    1.947    4.399    8.126   11.969   12.274   13.073
           -0.581250  0.581250  0.000000
   -3.095    0.043    2.020    4.488    8.227   11.776   12.110   12.924
           -0.562500  0.562500  0.000000
   -3.236    0.193    2.105    4.579    8.330   11.589   11.935   12.781
           -0.543750  0.543750  0.000000
   -3.378    0.348    2.200    4.671    8.432   11.408   11.759   12.647
           -0.525000  0.525000  0.000000
   -3.519    0.510    2.306    4.764    8.534   11.232   11.584   12.521
           -0.506250  0.506250  0.000000
   -3.659    0.677    2.420    4.857    8.635   11.062   11.413   12.404
           -0.487500  0.487500  0.000000
   -3.797    0.851    2.544    4.950    8.733   10.898   11.246   12.298
           -0.468750  0.468750  0.000000
   -3.932    1.031    2.675    5.043    8.826   10.740   11.084   12.203
           -0.450000  0.450000  0.000000
   -4.065    1.216    2.813    5.135    8.914   10.587   10.927   12.120
           -0.431250  0.431250  0.000000
   -4.194    1.408    2.958    5.225    8.996   10.441   10.776   12.050
           -0.412500  0.412500  0.000000
   -4.319    1.605    3.109    5.314    9.068   10.301   10.629   11.994
           -0.393750  0.393750  0.000000
   -4.440    1.808    3.266    5.399    9.131   10.166   10.488   11.950
           -0.375000  0.375000  0.000000
   -4.557    2.017    3.428    5.482    9.183   10.038   10.352   11.919
           -0.356250  0.356250  0.000000
   -4.669    2.230    3.594    5.561    9.224    9.916   10.222   11.900
           -0.337500  0.337500  0.000000
   -4.777    2.449    3.764    5.636    9.254    9.800   10.096   11.889
           -0.318750  0.318750  0.000000
   -4.879    2.673    3.937    5.707    9.272    9.690    9.976   11.882
           -0.300000  0.300000  0.000000
   -4.976    2.902    4.112    5.773    9.280    9.586    9.862   11.873
           -0.281250  0.281250  0.000000
   -5.068    3.135    4.290    5.834    9.279    9.489    9.752   11.853
           -0.262500  0.262500  0.000000
   -5.155    3.372    4.468    5.890    9.270    9.397    9.647   11.814
           -0.243750  0.243750  0.000000
   -5.236    3.613    4.646    5.942    9.255    9.312    9.547   11.744
           -0.225000  0.225000  0.000000
   -5.311    3.857    4.823    5.988    9.233    9.234    9.452   11.634
           -0.206250  0.206250  0.000000
   -5.380    4.104    4.998    6.029    9.161    9.210    9.362   11.482
           -0.187500  0.187500  0.000000
   -5.444    4.352    5.169    6.065    9.095    9.183    9.276   11.292
           -0.168750  0.168750  0.000000
   -5.502    4.600    5.335    6.097    9.035    9.154    9.195   11.073
           -0.150000  0.150000  0.000000
   -5.554    4.847    5.493    6.125    8.981    9.120    9.122   10.836
           -0.131250  0.131250  0.000000
   -5.599    5.091    5.643    6.148    8.933    9.049    9.087   10.594
           -0.112500  0.112500  0.000000
   -5.639    5.328    5.781    6.168    8.892    8.984    9.048   10.356
           -0.093750  0.093750  0.000000
   -5.673    5.554    5.905    6.184    8.858    8.926    9.004   10.135
           -0.075000  0.075000  0.000000
   -5.701    5.762    6.013    6.197    8.829    8.876    8.953    9.941
           -0.056250  0.056250  0.000000
   -5.722    5.945    6.100    6.206    8.807    8.835    8.896    9.785
           -0.037500  0.037500  0.000000
   -5.737    6.090    6.165    6.213    8.791    8.804    8.839    9.674
           -0.018750  0.018750  0.000000
   -5.747    6.185    6.205    6.217    8.782    8.785    8.795    9.609
            0.000000  0.000000  0.000000
   -5.750    6.219    6.219    6.219    8.778    8.778    8.778    9.588
           -0.012500  0.012500  0.012500
   -5.748    6.194    6.215    6.215    8.784    8.784    8.786    9.602
           -0.025000  0.025000  0.025000
   -5.742    6.121    6.204    6.204    8.799    8.799    8.804    9.645
           -0.037500  0.037500  0.037500
   -5.731    6.007    6.187    6.187    8.824    8.825    8.825    9.721
           -0.050000  0.050000  0.050000
   -5.717    5.860    6.163    6.163    8.839    8.860    8.860    9.829
           -0.062500  0.062500  0.062500
   -5.699    5.687    6.134    6.134    8.843    8.903    8.903    9.967
           -0.075000  0.075000  0.075000
   -5.676    5.495    6.100    6.100    8.836    8.953    8.953   10.130
           -0.087500  0.087500  0.087500
   -5.649    5.289    6.061    6.061    8.818    9.010    9.010   10.313
           -0.100000  0.100000  0.100000
   -5.619    5.072    6.019    6.019    8.792    9.071    9.071   10.511
           -0.112500  0.112500  0.112500
   -5.584    4.847    5.975    5.975    8.758    9.137    9.137   10.718
           -0.125000  0.125000  0.125000
   -5.546    4.618    5.929    5.929    8.720    9.204    9.204   10.933
           -0.137500  0.137500  0.137500
   -5.503    4.385    5.881    5.881    8.678    9.272    9.272   11.153
           -0.150000  0.150000  0.150000
   -5.456    4.150    5.832    5.832    8.633    9.340    9.340   11.376
           -0.162500  0.162500  0.162500
   -5.406    3.914    5.783    5.783    8.586    9.406    9.406   11.601
           -0.175000  0.175000  0.175000
   -5.352    3.678    5.734    5.734    8.537    9.469    9.469   11.826
           -0.187500  0.187500  0.187500
   -5.294    3.442    5.686    5.686    8.488    9.527    9.527   12.051
           -0.200000  0.200000  0.200000
   -5.232    3.207    5.638    5.638    8.439    9.580    9.580   12.275
           -0.212500  0.212500  0.212500
   -5.167    2.974    5.591    5.591    8.390    9.627    9.627   12.497
           -0.225000  0.225000  0.225000
   -5.098    2.743    5.545    5.545    8.342    9.666    9.666   12.716
           -0.237500  0.237500  0.237500
   -5.025    2.514    5.500    5.500    8.294    9.698    9.698   12.932
           -0.250000  0.250000  0.250000
   -4.950    2.288    5.457    5.457    8.248    9.723    9.723   13.142
           -0.262500  0.262500  0.262500
   -4.871    2.065    5.416    5.416    8.203    9.740    9.740   13.344
           -0.275000  0.275000  0.275000
   -4.789    1.846    5.376    5.376    8.160    9.749    9.749   13.535
           -0.287500  0.287500  0.287500
   -4.704    1.630    5.338    5.338    8.118    9.753    9.753   13.699
           -0.300000  0.300000  0.300000
   -4.616    1.419    5.302    5.302    8.078    9.751    9.751   13.821
           -0.312500  0.312500  0.312500
   -4.527    1.212    5.268    5.268    8.041    9.744    9.744   13.957
           -0.325000  0.325000  0.325000
   -4.435    1.011    5.236    5.236    8.005    9.733    9.733   14.058
           -0.337500  0.337500  0.337500
   -4.341    0.815    5.206    5.206    7.972    9.719    9.719   14.104
           -0.350000  0.350000  0.350000
   -4.246    0.625    5.179    5.179    7.940    9.703    9.703   14.121
           -0.362500  0.362500  0.362500
   -4.151    0.442    5.153    5.153    7.912    9.686    9.686   14.120
           -0.375000  0.375000  0.375000
   -4.055    0.266    5.130    5.130    7.885    9.668    9.668   14.107
           -0.387500  0.387500  0.387500
   -3.961    0.099    5.108    5.108    7.861    9.650    9.650   14.088
           -0.400000  0.400000  0.400000
   -3.869   -0.059    5.089    5.089    7.839    9.633    9.633   14.066
           -0.412500  0.412500  0.412500
   -3.780   -0.205    5.072    5.072    7.820    9.616    9.616   14.043
           -0.425000  0.425000  0.425000
   -3.696   -0.339    5.058    5.058    7.804    9.602    9.602   14.021
           -0.437500  0.437500  0.437500
   -3.619   -0.459    5.046    5.046    7.789    9.588    9.588   14.001
           -0.450000  0.450000  0.450000
   -3.551   -0.561    5.035    5.035    7.778    9.577    9.577   13.985
           -0.462500  0.462500  0.462500
   -3.495   -0.645    5.028    5.028    7.769    9.568    9.568   13.971
           -0.475000  0.475000  0.475000
   -3.452   -0.707    5.022    5.022    7.762    9.562    9.562   13.961
           -0.487500  0.487500  0.487500
   -3.426   -0.745    5.019    5.019    7.759    9.558    9.558   13.955
           -0.500000  0.500000  0.500000
   -3.417   -0.758    5.017    5.017    7.757    9.557    9.557   13.953
