 &plot nbnd=   8, nks=   201 /
            0.000000  0.000000  0.000000
   -5.749    6.219    6.219    6.219    8.779    8.779    8.779    9.588
           -0.025000  0.000000  0.000000
   -5.747    6.200    6.207    6.207    8.772    8.795    8.795    9.606
           -0.050000  0.000000  0.000000
   -5.739    6.145    6.172    6.172    8.752    8.840    8.840    9.661
           -0.075000  0.000000  0.000000
   -5.725    6.056    6.116    6.116    8.719    8.913    8.913    9.746
           -0.100000  0.000000  0.000000
   -5.706    5.939    6.043    6.043    8.674    9.009    9.009    9.858
           -0.125000  0.000000  0.000000
   -5.681    5.799    5.956    5.956    8.618    9.127    9.127    9.988
           -0.150000  0.000000  0.000000
   -5.651    5.640    5.858    5.858    8.553    9.262    9.262   10.130
           -0.175000  0.000000  0.000000
   -5.615    5.466    5.752    5.752    8.480    9.411    9.411   10.275
           -0.200000  0.000000  0.000000
   -5.575    5.281    5.641    5.641    8.401    9.572    9.572   10.414
           -0.225000  0.000000  0.000000
   -5.528    5.086    5.526    5.526    8.317    9.743    9.743   10.534
           -0.250000  0.000000  0.000000
   -5.476    4.885    5.410    5.410    8.228    9.922    9.922   10.619
           -0.275000  0.000000  0.000000
   -5.419    4.678    5.293    5.293    8.138   10.108   10.108   10.656
           -0.300000  0.000000  0.000000
   -5.357    4.467    5.177    5.177    8.045   10.301   10.301   10.635
           -0.325000  0.000000  0.000000
   -5.289    4.252    5.061    5.061    7.953   10.498   10.498   10.558
           -0.350000  0.000000  0.000000
   -5.216    4.035    4.948    4.948    7.860   10.436   10.700   10.700
           -0.375000  0.000000  0.000000
   -5.137    3.816    4.836    4.836    7.769   10.283   10.906   10.906
           -0.400000  0.000000  0.000000
   -5.054    3.595    4.728    4.728    7.679   10.110   11.115   11.115
           -0.425000  0.000000  0.000000
   -4.965    3.372    4.622    4.622    7.591    9.925   11.327   11.327
           -0.450000  0.000000  0.000000
   -4.871    3.149    4.519    4.519    7.507    9.735   11.542   11.542
           -0.475000  0.000000  0.000000
   -4.771    2.925    4.421    4.421    7.425    9.543   11.759   11.759
           -0.500000  0.000000  0.000000
   -4.667    2.700    4.325    4.325    7.348    9.353   11.978   11.978
           -0.525000  0.000000  0.000000
   -4.558    2.475    4.234    4.234    7.274    9.165   12.200   12.200
           -0.550000  0.000000  0.000000
   -4.443    2.251    4.147    4.147    7.204    8.982   12.423   12.423
           -0.575000  0.000000  0.000000
   -4.324    2.026    4.064    4.064    7.139    8.805   12.648   12.648
           -0.600000  0.000000  0.000000
   -4.199    1.801    3.985    3.985    7.079    8.634   12.875   12.875
           -0.625000  0.000000  0.000000
   -4.070    1.577    3.911    3.911    7.024    8.469   13.103   13.103
           -0.650000  0.000000  0.000000
   -3.936    1.354    3.841    3.841    6.975    8.311   13.332   13.332
           -0.675000  0.000000  0.000000
   -3.798    1.131    3.776    3.776    6.930    8.161   13.563   13.563
           -0.700000  0.000000  0.000000
   -3.654    0.910    3.715    3.715    6.892    8.019   13.795   13.795
           -0.725000  0.000000  0.000000
   -3.506    0.689    3.659    3.659    6.859    7.885   14.029   14.029
           -0.750000  0.000000  0.000000
   -3.354    0.470    3.608    3.608    6.833    7.758   14.263   14.263
           -0.775000  0.000000  0.000000
   -3.197    0.253    3.561    3.561    6.812    7.640   14.498   14.498
           -0.800000  0.000000  0.000000
   -3.036    0.037    3.520    3.520    6.798    7.529   14.734   14.734
           -0.825000  0.000000  0.000000
   -2.870   -0.176    3.483    3.483    6.790    7.426   14.970   14.970
           -0.850000  0.000000  0.000000
   -2.701   -0.388    3.451    3.451    6.789    7.332   15.206   15.206
           -0.875000  0.000000  0.000000
   -2.527   -0.597    3.424    3.424    6.795    7.245   15.440   15.440
           -0.900000  0.000000  0.000000
   -2.350   -0.804    3.401    3.401    6.807    7.166   15.671   15.671
           -0.925000  0.000000  0.000000
   -2.168   -1.008    3.384    3.384    6.827    7.095   15.893   15.893
           -0.950000  0.000000  0.000000
   -1.983   -1.209    3.372    3.372    6.853    7.032   16.098   16.098
           -0.975000  0.000000  0.000000
   -1.795   -1.408    3.364    3.364    6.887    6.976   16.260   16.260
           -1.000000  0.000000  0.000000
   -1.603   -1.603    3.362    3.362    6.928    6.928   16.327   16.327
           -1.000000  0.012500  0.000000
   -1.603   -1.603    3.360    3.360    6.931    6.931   16.321   16.321
           -1.000000  0.025000  0.000000
   -1.602   -1.602    3.353    3.353    6.943    6.943   16.302   16.302
           -1.000000  0.037500  0.000000
   -1.601   -1.601    3.343    3.343    6.962    6.962   16.270   16.270
           -1.000000  0.050000  0.000000
   -1.599   -1.599    3.329    3.329    6.988    6.988   16.223   16.223
           -1.000000  0.062500  0.000000
   -1.597   -1.597    3.311    3.311    7.022    7.022   16.161   16.161
           -1.000000  0.075000  0.000000
   -1.595   -1.595    3.289    3.289    7.062    7.062   16.081   16.081
           -1.000000  0.087500  0.000000
   -1.592   -1.592    3.265    3.265    7.109    7.109   15.986   15.986
           -1.000000  0.100000  0.000000
   -1.588   -1.588    3.237    3.237    7.163    7.163   15.876   15.876
           -1.000000  0.112500  0.000000
   -1.585   -1.585    3.207    3.207    7.222    7.222   15.754   15.754
           -1.000000  0.125000  0.000000
   -1.581   -1.581    3.175    3.175    7.287    7.287   15.622   15.622
           -1.000000  0.137500  0.000000
   -1.576   -1.576    3.140    3.140    7.358    7.358   15.482   15.482
           -1.000000  0.150000  0.000000
   -1.571   -1.571    3.105    3.105    7.434    7.434   15.337   15.337
           -1.000000  0.162500  0.000000
   -1.566   -1.566    3.068    3.068    7.514    7.514   15.186   15.186
           -1.000000  0.175000  0.000000
   -1.561   -1.561    3.030    3.030    7.599    7.599   15.032   15.032
           -1.000000  0.187500  0.000000
   -1.555   -1.555    2.991    2.991    7.688    7.688   14.875   14.875
           -1.000000  0.200000  0.000000
   -1.550   -1.550    2.952    2.952    7.782    7.782   14.716   14.716
           -1.000000  0.212500  0.000000
   -1.544   -1.544    2.913    2.913    7.879    7.879   14.556   14.556
           -1.000000  0.225000  0.000000
   -1.537   -1.537    2.874    2.874    7.979    7.979   14.394   14.394
           -1.000000  0.237500  0.000000
   -1.531   -1.531    2.835    2.835    8.083    8.083   14.232   14.232
           -1.000000  0.250000  0.000000
   -1.525   -1.525    2.797    2.797    8.190    8.190   14.069   14.069
           -1.000000  0.262500  0.000000
   -1.518   -1.518    2.759    2.759    8.299    8.299   13.906   13.906
           -1.000000  0.275000  0.000000
   -1.512   -1.512    2.723    2.723    8.412    8.412   13.743   13.743
           -1.000000  0.287500  0.000000
   -1.505   -1.505    2.687    2.687    8.527    8.527   13.580   13.580
           -1.000000  0.300000  0.000000
   -1.499   -1.499    2.653    2.653    8.645    8.645   13.417   13.417
           -1.000000  0.312500  0.000000
   -1.493   -1.493    2.620    2.620    8.764    8.764   13.255   13.255
           -1.000000  0.325000  0.000000
   -1.487   -1.487    2.589    2.589    8.886    8.886   13.094   13.094
           -1.000000  0.337500  0.000000
   -1.481   -1.481    2.559    2.559    9.010    9.010   12.933   12.933
           -1.000000  0.350000  0.000000
   -1.475   -1.475    2.531    2.531    9.136    9.136   12.773   12.773
           -1.000000  0.362500  0.000000
   -1.470   -1.470    2.504    2.504    9.263    9.263   12.615   12.615
           -1.000000  0.375000  0.000000
   -1.465   -1.465    2.480    2.480    9.392    9.392   12.458   12.458
           -1.000000  0.387500  0.000000
   -1.460   -1.460    2.458    2.458    9.522    9.522   12.302   12.302
           -1.000000  0.400000  0.000000
   -1.456   -1.456    2.438    2.438    9.652    9.652   12.149   12.149
           -1.000000  0.412500  0.000000
   -1.452   -1.452    2.420    2.420    9.783    9.783   11.998   11.998
           -1.000000  0.425000  0.000000
   -1.448   -1.448    2.404    2.404    9.914    9.914   11.850   11.850
           -1.000000  0.437500  0.000000
   -1.445   -1.445    2.391    2.391   10.042   10.042   11.706   11.706
           -1.000000  0.450000  0.000000
   -1.443   -1.443    2.380    2.380   10.167   10.167   11.569   11.569
           -1.000000  0.462500  0.000000
   -1.441   -1.441    2.371    2.371   10.285   10.285   11.442   11.442
           -1.000000  0.475000  0.000000
   -1.440   -1.440    2.365    2.365   10.388   10.388   11.333   11.333
           -1.000000  0.487500  0.000000
   -1.439   -1.439    2.362    2.362   10.463   10.463   11.253   11.253
           -1.000000  0.500000  0.000000
   -1.438   -1.438    2.360    2.360   10.492   10.492   11.223   11.223
           -0.993750  0.506250  0.000000
   -1.467   -1.410    2.339    2.383   10.456   10.511   11.214   11.250
           -0.987500  0.512500  0.000000
   -1.495   -1.383    2.318    2.408   10.395   10.526   11.232   11.283
           -0.981250  0.518750  0.000000
   -1.522   -1.358    2.297    2.434   10.314   10.536   11.271   11.321
           -0.975000  0.525000  0.000000
   -1.548   -1.333    2.277    2.463   10.221   10.542   11.324   11.364
           -0.968750  0.531250  0.000000
   -1.573   -1.310    2.258    2.493   10.121   10.545   11.387   11.412
           -0.962500  0.537500  0.000000
   -1.598   -1.287    2.239    2.525   10.016   10.545   11.456   11.463
           -0.956250  0.543750  0.000000
   -1.622   -1.266    2.220    2.559    9.908   10.543   11.518   11.529
           -0.950000  0.550000  0.000000
   -1.646   -1.246    2.202    2.595    9.799   10.539   11.576   11.606
           -0.943750  0.556250  0.000000
   -1.669   -1.227    2.185    2.633    9.689   10.533   11.636   11.686
           -0.937500  0.562500  0.000000
   -1.691   -1.209    2.168    2.672    9.579   10.527   11.698   11.767
           -0.931250  0.568750  0.000000
   -1.712   -1.193    2.151    2.712    9.470   10.519   11.762   11.851
           -0.925000  0.575000  0.000000
   -1.732   -1.177    2.135    2.754    9.361   10.511   11.827   11.935
           -0.918750  0.581250  0.000000
   -1.752   -1.162    2.120    2.797    9.253   10.503   11.894   12.021
           -0.912500  0.587500  0.000000
   -1.772   -1.149    2.105    2.841    9.147   10.494   11.962   12.108
           -0.906250  0.593750  0.000000
   -1.790   -1.136    2.090    2.887    9.041   10.485   12.031   12.196
           -0.900000  0.600000  0.000000
   -1.808   -1.124    2.076    2.933    8.938   10.476   12.101   12.285
           -0.893750  0.606250  0.000000
   -1.825   -1.113    2.063    2.980    8.836   10.467   12.171   12.374
           -0.887500  0.612500  0.000000
   -1.841   -1.102    2.050    3.028    8.735   10.458   12.243   12.465
           -0.881250  0.618750  0.000000
   -1.857   -1.093    2.038    3.076    8.637   10.450   12.315   12.556
           -0.875000  0.625000  0.000000
   -1.871   -1.084    2.026    3.124    8.541   10.441   12.388   12.648
           -0.868750  0.631250  0.000000
   -1.886   -1.076    2.015    3.173    8.447   10.433   12.461   12.740
           -0.862500  0.637500  0.000000
   -1.899   -1.068    2.004    3.222    8.356   10.425   12.535   12.834
           -0.856250  0.643750  0.000000
   -1.912   -1.061    1.994    3.270    8.268   10.417   12.609   12.927
           -0.850000  0.650000  0.000000
   -1.924   -1.055    1.985    3.318    8.182   10.410   12.683   13.021
           -0.843750  0.656250  0.000000
   -1.935   -1.049    1.976    3.365    8.100   10.403   12.758   13.116
           -0.837500  0.662500  0.000000
   -1.945   -1.044    1.967    3.411    8.021   10.396   12.832   13.211
           -0.831250  0.668750  0.000000
   -1.955   -1.039    1.960    3.455    7.945   10.390   12.907   13.307
           -0.825000  0.675000  0.000000
   -1.964   -1.035    1.952    3.499    7.874   10.384   12.982   13.403
           -0.818750  0.681250  0.000000
   -1.972   -1.031    1.946    3.540    7.806   10.379   13.056   13.499
           -0.812500  0.687500  0.000000
   -1.980   -1.028    1.940    3.579    7.744   10.374   13.130   13.596
           -0.806250  0.693750  0.000000
   -1.987   -1.025    1.934    3.616    7.685   10.369   13.203   13.692
           -0.800000  0.700000  0.000000
   -1.993   -1.022    1.929    3.650    7.632   10.365   13.276   13.789
           -0.793750  0.706250  0.000000
   -1.999   -1.020    1.925    3.681    7.585   10.362   13.347   13.886
           -0.787500  0.712500  0.000000
   -2.003   -1.018    1.921    3.709    7.543   10.359   13.416   13.983
           -0.781250  0.718750  0.000000
   -2.007   -1.016    1.918    3.733    7.506   10.356   13.483   14.078
           -0.775000  0.725000  0.000000
   -2.011   -1.015    1.915    3.753    7.476   10.354   13.545   14.173
           -0.768750  0.731250  0.000000
   -2.013   -1.014    1.913    3.769    7.453   10.352   13.601   14.265
           -0.762500  0.737500  0.000000
   -2.015   -1.013    1.912    3.780    7.436   10.351   13.647   14.281
           -0.756250  0.743750  0.000000
   -2.016   -1.013    1.911    3.787    7.425   10.350   13.678   14.250
           -0.750000  0.750000  0.000000
   -2.016   -1.013    1.911    3.789    7.422   10.350   13.689   14.239
           -0.731250  0.731250  0.000000
   -2.105   -0.921    1.854    3.854    7.496   10.730   13.459   14.004
           -0.712500  0.712500  0.000000
   -2.204   -0.823    1.816    3.922    7.575   11.114   13.232   13.778
           -0.693750  0.693750  0.000000
   -2.312   -0.718    1.797    3.993    7.658   11.497   13.010   13.565
           -0.675000  0.675000  0.000000
   -2.429   -0.607    1.795    4.069    7.745   11.870   12.792   13.373
           -0.656250  0.656250  0.000000
   -2.553   -0.490    1.810    4.147    7.836   12.203   12.579   13.232
           -0.637500  0.637500  0.000000
   -2.682   -0.366    1.842    4.229    7.930   12.371   12.409   13.226
           -0.618750  0.618750  0.000000
   -2.817   -0.236    1.888    4.313    8.027   12.168   12.403   13.230
           -0.600000  0.600000  0.000000
   -2.954   -0.099    1.948    4.400    8.127   11.970   12.275   13.074
           -0.581250  0.581250  0.000000
   -3.094    0.044    2.020    4.489    8.228   11.777   12.111   12.924
           -0.562500  0.562500  0.000000
   -3.236    0.193    2.105    4.579    8.330   11.590   11.936   12.782
           -0.543750  0.543750  0.000000
   -3.377    0.348    2.200    4.671    8.433   11.409   11.760   12.647
           -0.525000  0.525000  0.000000
   -3.518    0.510    2.306    4.764    8.535   11.233   11.585   12.521
           -0.506250  0.506250  0.000000
   -3.658    0.678    2.421    4.857    8.636   11.063   11.414   12.405
           -0.487500  0.487500  0.000000
   -3.796    0.851    2.544    4.951    8.733   10.899   11.247   12.299
           -0.468750  0.468750  0.000000
   -3.932    1.031    2.675    5.044    8.827   10.741   11.085   12.204
           -0.450000  0.450000  0.000000
   -4.064    1.217    2.813    5.135    8.915   10.588   10.928   12.121
           -0.431250  0.431250  0.000000
   -4.193    1.408    2.958    5.226    8.996   10.442   10.776   12.051
           -0.412500  0.412500  0.000000
   -4.319    1.606    3.110    5.314    9.069   10.301   10.630   11.994
           -0.393750  0.393750  0.000000
   -4.440    1.809    3.266    5.400    9.132   10.167   10.489   11.951
           -0.375000  0.375000  0.000000
   -4.557    2.017    3.428    5.483    9.184   10.039   10.353   11.920
           -0.356250  0.356250  0.000000
   -4.669    2.231    3.594    5.562    9.225    9.917   10.222   11.900
           -0.337500  0.337500  0.000000
   -4.776    2.450    3.764    5.637    9.254    9.800   10.097   11.889
           -0.318750  0.318750  0.000000
   -4.879    2.674    3.937    5.708    9.272    9.691    9.977   11.882
           -0.300000  0.300000  0.000000
   -4.976    2.902    4.113    5.774    9.280    9.587    9.862   11.873
           -0.281250  0.281250  0.000000
   -5.068    3.135    4.290    5.835    9.279    9.489    9.753   11.854
           -0.262500  0.262500  0.000000
   -5.154    3.373    4.468    5.891    9.270    9.398    9.648   11.815
           -0.243750  0.243750  0.000000
   -5.235    3.614    4.646    5.942    9.255    9.313    9.548   11.744
           -0.225000  0.225000  0.000000
   -5.310    3.858    4.824    5.988    9.234    9.235    9.453   11.635
           -0.206250  0.206250  0.000000
   -5.380    4.104    4.998    6.029    9.162    9.211    9.362   11.483
           -0.187500  0.187500  0.000000
   -5.444    4.352    5.169    6.066    9.095    9.184    9.277   11.293
           -0.168750  0.168750  0.000000
   -5.501    4.601    5.335    6.098    9.035    9.154    9.196   11.073
           -0.150000  0.150000  0.000000
   -5.553    4.848    5.494    6.125    8.982    9.120    9.122   10.837
           -0.131250  0.131250  0.000000
   -5.599    5.091    5.644    6.149    8.934    9.050    9.087   10.594
           -0.112500  0.112500  0.000000
   -5.639    5.328    5.782    6.168    8.893    8.985    9.049   10.356
           -0.093750  0.093750  0.000000
   -5.673    5.554    5.906    6.184    8.858    8.927    9.005   10.135
           -0.075000  0.075000  0.000000
   -5.700    5.763    6.013    6.197    8.830    8.877    8.954    9.941
           -0.056250  0.056250  0.000000
   -5.722    5.946    6.101    6.207    8.808    8.836    8.897    9.785
           -0.037500  0.037500  0.000000
   -5.737    6.091    6.166    6.214    8.792    8.805    8.840    9.674
           -0.018750  0.018750  0.000000
   -5.746    6.186    6.206    6.218    8.782    8.786    8.796    9.609
            0.000000  0.000000  0.000000
   -5.749    6.219    6.219    6.219    8.779    8.779    8.779    9.588
           -0.012500  0.012500  0.012500
   -5.747    6.194    6.216    6.216    8.784    8.784    8.786    9.602
           -0.025000  0.025000  0.025000
   -5.741    6.122    6.205    6.205    8.800    8.800    8.804    9.646
           -0.037500  0.037500  0.037500
   -5.731    6.008    6.187    6.187    8.825    8.826    8.826    9.721
           -0.050000  0.050000  0.050000
   -5.717    5.861    6.164    6.164    8.840    8.860    8.860    9.829
           -0.062500  0.062500  0.062500
   -5.698    5.688    6.134    6.134    8.844    8.904    8.904    9.967
           -0.075000  0.075000  0.075000
   -5.676    5.496    6.100    6.100    8.837    8.954    8.954   10.130
           -0.087500  0.087500  0.087500
   -5.649    5.289    6.062    6.062    8.819    9.011    9.011   10.313
           -0.100000  0.100000  0.100000
   -5.618    5.072    6.020    6.020    8.792    9.072    9.072   10.511
           -0.112500  0.112500  0.112500
   -5.584    4.848    5.976    5.976    8.759    9.137    9.137   10.719
           -0.125000  0.125000  0.125000
   -5.545    4.618    5.929    5.929    8.721    9.205    9.205   10.934
           -0.137500  0.137500  0.137500
   -5.503    4.386    5.882    5.882    8.678    9.273    9.273   11.153
           -0.150000  0.150000  0.150000
   -5.456    4.150    5.833    5.833    8.633    9.341    9.341   11.376
           -0.162500  0.162500  0.162500
   -5.406    3.914    5.784    5.784    8.586    9.407    9.407   11.601
           -0.175000  0.175000  0.175000
   -5.352    3.678    5.735    5.735    8.538    9.469    9.469   11.826
           -0.187500  0.187500  0.187500
   -5.294    3.442    5.686    5.686    8.489    9.528    9.528   12.051
           -0.200000  0.200000  0.200000
   -5.232    3.207    5.638    5.638    8.440    9.581    9.581   12.275
           -0.212500  0.212500  0.212500
   -5.166    2.974    5.591    5.591    8.391    9.628    9.628   12.497
           -0.225000  0.225000  0.225000
   -5.098    2.743    5.545    5.545    8.342    9.667    9.667   12.717
           -0.237500  0.237500  0.237500
   -5.025    2.514    5.501    5.501    8.295    9.699    9.699   12.932
           -0.250000  0.250000  0.250000
   -4.949    2.288    5.457    5.457    8.249    9.724    9.724   13.142
           -0.262500  0.262500  0.262500
   -4.870    2.065    5.416    5.416    8.204    9.740    9.740   13.344
           -0.275000  0.275000  0.275000
   -4.788    1.846    5.376    5.376    8.160    9.750    9.750   13.535
           -0.287500  0.287500  0.287500
   -4.704    1.630    5.338    5.338    8.119    9.754    9.754   13.699
           -0.300000  0.300000  0.300000
   -4.616    1.419    5.302    5.302    8.079    9.751    9.751   13.822
           -0.312500  0.312500  0.312500
   -4.526    1.213    5.268    5.268    8.041    9.744    9.744   13.958
           -0.325000  0.325000  0.325000
   -4.434    1.011    5.237    5.237    8.006    9.734    9.734   14.058
           -0.337500  0.337500  0.337500
   -4.341    0.815    5.207    5.207    7.972    9.720    9.720   14.104
           -0.350000  0.350000  0.350000
   -4.246    0.625    5.179    5.179    7.941    9.704    9.704   14.122
           -0.362500  0.362500  0.362500
   -4.150    0.442    5.153    5.153    7.912    9.687    9.687   14.121
           -0.375000  0.375000  0.375000
   -4.055    0.266    5.130    5.130    7.886    9.669    9.669   14.108
           -0.387500  0.387500  0.387500
   -3.961    0.099    5.109    5.109    7.861    9.651    9.651   14.088
           -0.400000  0.400000  0.400000
   -3.868   -0.059    5.090    5.090    7.840    9.633    9.633   14.066
           -0.412500  0.412500  0.412500
   -3.780   -0.205    5.073    5.073    7.821    9.617    9.617   14.043
           -0.425000  0.425000  0.425000
   -3.696   -0.339    5.058    5.058    7.804    9.602    9.602   14.021
           -0.437500  0.437500  0.437500
   -3.619   -0.458    5.046    5.046    7.790    9.589    9.589   14.002
           -0.450000  0.450000  0.450000
   -3.551   -0.561    5.036    5.036    7.778    9.578    9.578   13.985
           -0.462500  0.462500  0.462500
   -3.494   -0.645    5.028    5.028    7.769    9.569    9.569   13.971
           -0.475000  0.475000  0.475000
   -3.452   -0.706    5.022    5.022    7.763    9.563    9.563   13.961
           -0.487500  0.487500  0.487500
   -3.425   -0.744    5.019    5.019    7.759    9.559    9.559   13.955
           -0.500000  0.500000  0.500000
   -3.416   -0.757    5.018    5.018    7.758    9.557    9.557   13.953
