 &plot nbnd=   8, nks=   201 /
            0.000000  0.000000  0.000000
   -5.756    6.211    6.211    6.211    8.774    8.774    8.774    9.579
           -0.025000  0.000000  0.000000
   -5.753    6.192    6.199    6.199    8.767    8.790    8.790    9.598
           -0.050000  0.000000  0.000000
   -5.745    6.137    6.164    6.164    8.747    8.835    8.835    9.652
           -0.075000  0.000000  0.000000
   -5.731    6.048    6.108    6.108    8.714    8.907    8.907    9.738
           -0.100000  0.000000  0.000000
   -5.712    5.931    6.035    6.035    8.669    9.004    9.004    9.849
           -0.125000  0.000000  0.000000
   -5.688    5.791    5.948    5.948    8.613    9.122    9.122    9.980
           -0.150000  0.000000  0.000000
   -5.658    5.632    5.850    5.850    8.548    9.256    9.256   10.122
           -0.175000  0.000000  0.000000
   -5.622    5.458    5.745    5.745    8.475    9.406    9.406   10.267
           -0.200000  0.000000  0.000000
   -5.581    5.273    5.634    5.634    8.396    9.566    9.566   10.406
           -0.225000  0.000000  0.000000
   -5.535    5.078    5.519    5.519    8.311    9.737    9.737   10.525
           -0.250000  0.000000  0.000000
   -5.483    4.877    5.403    5.403    8.223    9.916    9.916   10.612
           -0.275000  0.000000  0.000000
   -5.426    4.670    5.286    5.286    8.132   10.102   10.102   10.649
           -0.300000  0.000000  0.000000
   -5.363    4.459    5.170    5.170    8.040   10.295   10.295   10.629
           -0.325000  0.000000  0.000000
   -5.296    4.245    5.054    5.054    7.947   10.492   10.492   10.552
           -0.350000  0.000000  0.000000
   -5.222    4.027    4.941    4.941    7.855   10.430   10.694   10.694
           -0.375000  0.000000  0.000000
   -5.144    3.808    4.829    4.829    7.763   10.277   10.899   10.899
           -0.400000  0.000000  0.000000
   -5.060    3.587    4.721    4.721    7.674   10.104   11.108   11.108
           -0.425000  0.000000  0.000000
   -4.971    3.365    4.615    4.615    7.586    9.920   11.320   11.320
           -0.450000  0.000000  0.000000
   -4.877    3.141    4.513    4.513    7.501    9.730   11.535   11.535
           -0.475000  0.000000  0.000000
   -4.778    2.917    4.414    4.414    7.420    9.538   11.752   11.752
           -0.500000  0.000000  0.000000
   -4.674    2.693    4.319    4.319    7.342    9.348   11.972   11.972
           -0.525000  0.000000  0.000000
   -4.564    2.468    4.228    4.228    7.268    9.160   12.193   12.193
           -0.550000  0.000000  0.000000
   -4.450    2.243    4.140    4.140    7.199    8.977   12.417   12.417
           -0.575000  0.000000  0.000000
   -4.330    2.018    4.057    4.057    7.134    8.800   12.642   12.642
           -0.600000  0.000000  0.000000
   -4.206    1.794    3.979    3.979    7.074    8.628   12.868   12.868
           -0.625000  0.000000  0.000000
   -4.077    1.570    3.904    3.904    7.019    8.464   13.096   13.096
           -0.650000  0.000000  0.000000
   -3.943    1.346    3.835    3.835    6.969    8.306   13.326   13.326
           -0.675000  0.000000  0.000000
   -3.804    1.124    3.769    3.769    6.925    8.156   13.557   13.557
           -0.700000  0.000000  0.000000
   -3.661    0.902    3.709    3.709    6.886    8.014   13.789   13.789
           -0.725000  0.000000  0.000000
   -3.513    0.682    3.653    3.653    6.854    7.880   14.022   14.022
           -0.750000  0.000000  0.000000
   -3.361    0.463    3.601    3.601    6.827    7.753   14.256   14.256
           -0.775000  0.000000  0.000000
   -3.204    0.246    3.555    3.555    6.807    7.634   14.492   14.492
           -0.800000  0.000000  0.000000
   -3.043    0.030    3.513    3.513    6.793    7.524   14.727   14.727
           -0.825000  0.000000  0.000000
   -2.877   -0.184    3.476    3.476    6.785    7.421   14.964   14.964
           -0.850000  0.000000  0.000000
   -2.708   -0.395    3.444    3.444    6.784    7.327   15.199   15.199
           -0.875000  0.000000  0.000000
   -2.534   -0.604    3.417    3.417    6.789    7.240   15.434   15.434
           -0.900000  0.000000  0.000000
   -2.357   -0.811    3.395    3.395    6.802    7.161   15.664   15.664
           -0.925000  0.000000  0.000000
   -2.175   -1.015    3.378    3.378    6.821    7.090   15.886   15.886
           -0.950000  0.000000  0.000000
   -1.990   -1.216    3.365    3.365    6.848    7.026   16.091   16.091
           -0.975000  0.000000  0.000000
   -1.802   -1.415    3.358    3.358    6.881    6.971   16.253   16.253
           -1.000000  0.000000  0.000000
   -1.610   -1.610    3.355    3.355    6.922    6.922   16.320   16.320
           -1.000000  0.012500  0.000000
   -1.610   -1.610    3.353    3.353    6.926    6.926   16.314   16.314
           -1.000000  0.025000  0.000000
   -1.609   -1.609    3.347    3.347    6.937    6.937   16.296   16.296
           -1.000000  0.037500  0.000000
   -1.608   -1.608    3.337    3.337    6.956    6.956   16.264   16.264
           -1.000000  0.050000  0.000000
   -1.606   -1.606    3.322    3.322    6.983    6.983   16.217   16.217
           -1.000000  0.062500  0.000000
   -1.604   -1.604    3.304    3.304    7.016    7.016   16.154   16.154
           -1.000000  0.075000  0.000000
   -1.602   -1.602    3.283    3.283    7.057    7.057   16.075   16.075
           -1.000000  0.087500  0.000000
   -1.599   -1.599    3.258    3.258    7.104    7.104   15.979   15.979
           -1.000000  0.100000  0.000000
   -1.596   -1.596    3.231    3.231    7.157    7.157   15.869   15.869
           -1.000000  0.112500  0.000000
   -1.592   -1.592    3.201    3.201    7.217    7.217   15.747   15.747
           -1.000000  0.125000  0.000000
   -1.588   -1.588    3.168    3.168    7.282    7.282   15.616   15.616
           -1.000000  0.137500  0.000000
   -1.583   -1.583    3.134    3.134    7.352    7.352   15.476   15.476
           -1.000000  0.150000  0.000000
   -1.579   -1.579    3.098    3.098    7.428    7.428   15.330   15.330
           -1.000000  0.162500  0.000000
   -1.573   -1.573    3.061    3.061    7.509    7.509   15.180   15.180
           -1.000000  0.175000  0.000000
   -1.568   -1.568    3.024    3.024    7.594    7.594   15.026   15.026
           -1.000000  0.187500  0.000000
   -1.563   -1.563    2.985    2.985    7.683    7.683   14.869   14.869
           -1.000000  0.200000  0.000000
   -1.557   -1.557    2.946    2.946    7.776    7.776   14.710   14.710
           -1.000000  0.212500  0.000000
   -1.551   -1.551    2.907    2.907    7.873    7.873   14.550   14.550
           -1.000000  0.225000  0.000000
   -1.544   -1.544    2.868    2.868    7.973    7.973   14.388   14.388
           -1.000000  0.237500  0.000000
   -1.538   -1.538    2.829    2.829    8.077    8.077   14.226   14.226
           -1.000000  0.250000  0.000000
   -1.532   -1.532    2.791    2.791    8.184    8.184   14.063   14.063
           -1.000000  0.262500  0.000000
   -1.525   -1.525    2.753    2.753    8.294    8.294   13.900   13.900
           -1.000000  0.275000  0.000000
   -1.519   -1.519    2.717    2.717    8.406    8.406   13.737   13.737
           -1.000000  0.287500  0.000000
   -1.512   -1.512    2.681    2.681    8.521    8.521   13.574   13.574
           -1.000000  0.300000  0.000000
   -1.506   -1.506    2.647    2.647    8.639    8.639   13.411   13.411
           -1.000000  0.312500  0.000000
   -1.500   -1.500    2.614    2.614    8.759    8.759   13.249   13.249
           -1.000000  0.325000  0.000000
   -1.494   -1.494    2.583    2.583    8.881    8.881   13.088   13.088
           -1.000000  0.337500  0.000000
   -1.488   -1.488    2.553    2.553    9.004    9.004   12.927   12.927
           -1.000000  0.350000  0.000000
   -1.482   -1.482    2.525    2.525    9.130    9.130   12.767   12.767
           -1.000000  0.362500  0.000000
   -1.477   -1.477    2.499    2.499    9.257    9.257   12.609   12.609
           -1.000000  0.375000  0.000000
   -1.472   -1.472    2.474    2.474    9.386    9.386   12.452   12.452
           -1.000000  0.387500  0.000000
   -1.467   -1.467    2.452    2.452    9.516    9.516   12.296   12.296
           -1.000000  0.400000  0.000000
   -1.463   -1.463    2.432    2.432    9.646    9.646   12.143   12.143
           -1.000000  0.412500  0.000000
   -1.459   -1.459    2.414    2.414    9.777    9.777   11.992   11.992
           -1.000000  0.425000  0.000000
   -1.456   -1.456    2.398    2.398    9.907    9.907   11.844   11.844
           -1.000000  0.437500  0.000000
   -1.453   -1.453    2.385    2.385   10.036   10.036   11.701   11.701
           -1.000000  0.450000  0.000000
   -1.450   -1.450    2.374    2.374   10.161   10.161   11.563   11.563
           -1.000000  0.462500  0.000000
   -1.448   -1.448    2.366    2.366   10.278   10.278   11.437   11.437
           -1.000000  0.475000  0.000000
   -1.447   -1.447    2.359    2.359   10.381   10.381   11.327   11.327
           -1.000000  0.487500  0.000000
   -1.446   -1.446    2.356    2.356   10.457   10.457   11.247   11.247
           -1.000000  0.500000  0.000000
   -1.446   -1.446    2.355    2.355   10.486   10.486   11.217   11.217
           -0.993750  0.506250  0.000000
   -1.474   -1.418    2.333    2.377   10.450   10.505   11.208   11.244
           -0.987500  0.512500  0.000000
   -1.502   -1.391    2.312    2.402   10.388   10.519   11.227   11.277
           -0.981250  0.518750  0.000000
   -1.529   -1.365    2.292    2.428   10.308   10.529   11.265   11.316
           -0.975000  0.525000  0.000000
   -1.555   -1.340    2.272    2.457   10.215   10.535   11.319   11.359
           -0.968750  0.531250  0.000000
   -1.581   -1.317    2.252    2.487   10.115   10.538   11.381   11.406
           -0.962500  0.537500  0.000000
   -1.605   -1.295    2.233    2.520   10.010   10.538   11.450   11.458
           -0.956250  0.543750  0.000000
   -1.630   -1.273    2.214    2.554    9.902   10.536   11.512   11.523
           -0.950000  0.550000  0.000000
   -1.653   -1.253    2.196    2.589    9.793   10.532   11.570   11.600
           -0.943750  0.556250  0.000000
   -1.676   -1.235    2.179    2.627    9.683   10.527   11.630   11.680
           -0.937500  0.562500  0.000000
   -1.698   -1.217    2.162    2.666    9.573   10.520   11.692   11.761
           -0.931250  0.568750  0.000000
   -1.719   -1.200    2.145    2.706    9.464   10.513   11.756   11.845
           -0.925000  0.575000  0.000000
   -1.740   -1.184    2.129    2.748    9.355   10.505   11.821   11.929
           -0.918750  0.581250  0.000000
   -1.760   -1.170    2.114    2.791    9.247   10.497   11.888   12.015
           -0.912500  0.587500  0.000000
   -1.779   -1.156    2.099    2.835    9.141   10.488   11.956   12.102
           -0.906250  0.593750  0.000000
   -1.797   -1.143    2.084    2.881    9.036   10.479   12.025   12.190
           -0.900000  0.600000  0.000000
   -1.815   -1.131    2.070    2.927    8.932   10.470   12.095   12.279
           -0.893750  0.606250  0.000000
   -1.832   -1.120    2.057    2.974    8.830   10.461   12.166   12.368
           -0.887500  0.612500  0.000000
   -1.848   -1.109    2.044    3.022    8.729   10.452   12.237   12.459
           -0.881250  0.618750  0.000000
   -1.864   -1.100    2.032    3.070    8.631   10.444   12.309   12.550
           -0.875000  0.625000  0.000000
   -1.879   -1.091    2.020    3.118    8.535   10.435   12.382   12.642
           -0.868750  0.631250  0.000000
   -1.893   -1.083    2.009    3.167    8.442   10.427   12.455   12.734
           -0.862500  0.637500  0.000000
   -1.906   -1.075    1.999    3.215    8.350   10.419   12.529   12.827
           -0.856250  0.643750  0.000000
   -1.919   -1.068    1.989    3.264    8.262   10.411   12.603   12.921
           -0.850000  0.650000  0.000000
   -1.931   -1.062    1.979    3.311    8.176   10.404   12.677   13.015
           -0.843750  0.656250  0.000000
   -1.942   -1.056    1.970    3.358    8.094   10.397   12.752   13.110
           -0.837500  0.662500  0.000000
   -1.953   -1.051    1.962    3.404    8.015   10.390   12.826   13.205
           -0.831250  0.668750  0.000000
   -1.962   -1.046    1.954    3.449    7.940   10.384   12.901   13.301
           -0.825000  0.675000  0.000000
   -1.971   -1.042    1.947    3.492    7.868   10.378   12.975   13.397
           -0.818750  0.681250  0.000000
   -1.980   -1.038    1.940    3.534    7.801   10.373   13.050   13.493
           -0.812500  0.687500  0.000000
   -1.987   -1.035    1.934    3.573    7.738   10.368   13.124   13.589
           -0.806250  0.693750  0.000000
   -1.994   -1.032    1.928    3.610    7.680   10.363   13.197   13.686
           -0.800000  0.700000  0.000000
   -2.000   -1.029    1.924    3.644    7.627   10.359   13.270   13.783
           -0.793750  0.706250  0.000000
   -2.006   -1.027    1.919    3.675    7.579   10.356   13.341   13.880
           -0.787500  0.712500  0.000000
   -2.011   -1.025    1.915    3.703    7.537   10.353   13.410   13.976
           -0.781250  0.718750  0.000000
   -2.015   -1.023    1.912    3.726    7.501   10.350   13.477   14.072
           -0.775000  0.725000  0.000000
   -2.018   -1.022    1.910    3.746    7.471   10.348   13.539   14.167
           -0.768750  0.731250  0.000000
   -2.020   -1.021    1.908    3.762    7.447   10.346   13.595   14.259
           -0.762500  0.737500  0.000000
   -2.022   -1.020    1.906    3.774    7.430   10.345   13.641   14.274
           -0.756250  0.743750  0.000000
   -2.023   -1.020    1.905    3.781    7.420   10.344   13.672   14.243
           -0.750000  0.750000  0.000000
   -2.024   -1.020    1.905    3.783    7.417   10.344   13.684   14.232
           -0.731250  0.731250  0.000000
   -2.113   -0.928    1.849    3.847    7.491   10.724   13.453   13.997
           -0.712500  0.712500  0.000000
   -2.211   -0.830    1.811    3.915    7.570   11.108   13.227   13.771
           -0.693750  0.693750  0.000000
   -2.320   -0.726    1.791    3.987    7.653   11.491   13.004   13.557
           -0.675000  0.675000  0.000000
   -2.436   -0.615    1.789    4.062    7.740   11.863   12.787   13.366
           -0.656250  0.656250  0.000000
   -2.560   -0.497    1.805    4.141    7.831   12.196   12.573   13.225
           -0.637500  0.637500  0.000000
   -2.689   -0.373    1.836    4.222    7.925   12.365   12.401   13.220
           -0.618750  0.618750  0.000000
   -2.824   -0.243    1.882    4.306    8.022   12.162   12.395   13.223
           -0.600000  0.600000  0.000000
   -2.961   -0.106    1.942    4.393    8.121   11.964   12.267   13.067
           -0.581250  0.581250  0.000000
   -3.101    0.037    2.015    4.482    8.223   11.772   12.103   12.917
           -0.562500  0.562500  0.000000
   -3.243    0.186    2.099    4.572    8.325   11.585   11.928   12.775
           -0.543750  0.543750  0.000000
   -3.384    0.341    2.195    4.664    8.427   11.404   11.752   12.641
           -0.525000  0.525000  0.000000
   -3.525    0.503    2.300    4.757    8.530   11.228   11.577   12.515
           -0.506250  0.506250  0.000000
   -3.665    0.670    2.415    4.850    8.630   11.058   11.406   12.398
           -0.487500  0.487500  0.000000
   -3.803    0.844    2.538    4.944    8.728   10.894   11.239   12.292
           -0.468750  0.468750  0.000000
   -3.939    1.024    2.669    5.036    8.821   10.736   11.078   12.197
           -0.450000  0.450000  0.000000
   -4.071    1.210    2.807    5.128    8.909   10.583   10.921   12.115
           -0.431250  0.431250  0.000000
   -4.200    1.401    2.952    5.219    8.991   10.437   10.769   12.045
           -0.412500  0.412500  0.000000
   -4.325    1.598    3.103    5.307    9.063   10.296   10.622   11.988
           -0.393750  0.393750  0.000000
   -4.447    1.801    3.260    5.393    9.126   10.162   10.481   11.944
           -0.375000  0.375000  0.000000
   -4.563    2.010    3.422    5.475    9.178   10.034   10.345   11.914
           -0.356250  0.356250  0.000000
   -4.676    2.223    3.588    5.554    9.219    9.911   10.215   11.894
           -0.337500  0.337500  0.000000
   -4.783    2.442    3.758    5.629    9.248    9.795   10.090   11.883
           -0.318750  0.318750  0.000000
   -4.885    2.666    3.931    5.700    9.266    9.686    9.970   11.876
           -0.300000  0.300000  0.000000
   -4.983    2.895    4.106    5.766    9.274    9.582    9.855   11.867
           -0.281250  0.281250  0.000000
   -5.075    3.128    4.284    5.827    9.273    9.484    9.746   11.847
           -0.262500  0.262500  0.000000
   -5.161    3.365    4.462    5.883    9.264    9.393    9.641   11.808
           -0.243750  0.243750  0.000000
   -5.242    3.606    4.640    5.934    9.249    9.308    9.541   11.737
           -0.225000  0.225000  0.000000
   -5.317    3.850    4.817    5.980    9.229    9.229    9.446   11.627
           -0.206250  0.206250  0.000000
   -5.387    4.097    4.991    6.022    9.157    9.205    9.356   11.475
           -0.187500  0.187500  0.000000
   -5.450    4.345    5.163    6.058    9.090    9.178    9.270   11.285
           -0.168750  0.168750  0.000000
   -5.508    4.593    5.328    6.090    9.030    9.148    9.190   11.065
           -0.150000  0.150000  0.000000
   -5.560    4.840    5.487    6.117    8.977    9.114    9.116   10.829
           -0.131250  0.131250  0.000000
   -5.606    5.084    5.636    6.141    8.929    9.044    9.082   10.586
           -0.112500  0.112500  0.000000
   -5.645    5.321    5.774    6.160    8.888    8.979    9.043   10.348
           -0.093750  0.093750  0.000000
   -5.679    5.546    5.898    6.176    8.853    8.922    8.999   10.127
           -0.075000  0.075000  0.000000
   -5.707    5.755    6.006    6.189    8.825    8.872    8.949    9.933
           -0.056250  0.056250  0.000000
   -5.728    5.938    6.093    6.199    8.803    8.830    8.892    9.777
           -0.037500  0.037500  0.000000
   -5.744    6.083    6.158    6.206    8.787    8.800    8.835    9.666
           -0.018750  0.018750  0.000000
   -5.753    6.178    6.198    6.210    8.777    8.781    8.791    9.601
            0.000000  0.000000  0.000000
   -5.756    6.211    6.211    6.211    8.774    8.774    8.774    9.579
           -0.012500  0.012500  0.012500
   -5.754    6.186    6.208    6.208    8.780    8.780    8.781    9.594
           -0.025000  0.025000  0.025000
   -5.748    6.114    6.197    6.197    8.795    8.795    8.799    9.637
           -0.037500  0.037500  0.037500
   -5.738    6.000    6.180    6.180    8.820    8.821    8.821    9.712
           -0.050000  0.050000  0.050000
   -5.723    5.853    6.156    6.156    8.835    8.855    8.855    9.820
           -0.062500  0.062500  0.062500
   -5.705    5.680    6.127    6.127    8.838    8.899    8.899    9.959
           -0.075000  0.075000  0.075000
   -5.682    5.488    6.092    6.092    8.831    8.949    8.949   10.122
           -0.087500  0.087500  0.087500
   -5.656    5.282    6.054    6.054    8.813    9.006    9.006   10.305
           -0.100000  0.100000  0.100000
   -5.625    5.065    6.012    6.012    8.786    9.067    9.067   10.503
           -0.112500  0.112500  0.112500
   -5.590    4.841    5.968    5.968    8.753    9.132    9.132   10.710
           -0.125000  0.125000  0.125000
   -5.552    4.611    5.922    5.922    8.714    9.199    9.199   10.925
           -0.137500  0.137500  0.137500
   -5.509    4.378    5.874    5.874    8.672    9.268    9.268   11.145
           -0.150000  0.150000  0.150000
   -5.463    4.143    5.825    5.825    8.627    9.335    9.335   11.368
           -0.162500  0.162500  0.162500
   -5.412    3.907    5.776    5.776    8.580    9.401    9.401   11.593
           -0.175000  0.175000  0.175000
   -5.358    3.671    5.727    5.727    8.531    9.464    9.464   11.818
           -0.187500  0.187500  0.187500
   -5.300    3.435    5.679    5.679    8.482    9.523    9.523   12.043
           -0.200000  0.200000  0.200000
   -5.238    3.200    5.631    5.631    8.433    9.576    9.576   12.267
           -0.212500  0.212500  0.212500
   -5.173    2.967    5.584    5.584    8.384    9.622    9.622   12.489
           -0.225000  0.225000  0.225000
   -5.104    2.736    5.538    5.538    8.336    9.662    9.662   12.708
           -0.237500  0.237500  0.237500
   -5.032    2.507    5.493    5.493    8.288    9.694    9.694   12.924
           -0.250000  0.250000  0.250000
   -4.956    2.281    5.450    5.450    8.242    9.718    9.718   13.134
           -0.262500  0.262500  0.262500
   -4.877    2.058    5.409    5.409    8.197    9.735    9.735   13.336
           -0.275000  0.275000  0.275000
   -4.795    1.839    5.369    5.369    8.154    9.745    9.745   13.527
           -0.287500  0.287500  0.287500
   -4.710    1.624    5.331    5.331    8.112    9.749    9.749   13.695
           -0.300000  0.300000  0.300000
   -4.623    1.412    5.295    5.295    8.072    9.746    9.746   13.817
           -0.312500  0.312500  0.312500
   -4.533    1.206    5.261    5.261    8.034    9.739    9.739   13.953
           -0.325000  0.325000  0.325000
   -4.441    1.004    5.229    5.229    7.999    9.729    9.729   14.051
           -0.337500  0.337500  0.337500
   -4.347    0.808    5.199    5.199    7.965    9.715    9.715   14.097
           -0.350000  0.350000  0.350000
   -4.253    0.618    5.172    5.172    7.934    9.699    9.699   14.115
           -0.362500  0.362500  0.362500
   -4.157    0.435    5.146    5.146    7.905    9.682    9.682   14.114
           -0.375000  0.375000  0.375000
   -4.062    0.260    5.123    5.123    7.879    9.664    9.664   14.101
           -0.387500  0.387500  0.387500
   -3.968    0.093    5.101    5.101    7.854    9.646    9.646   14.082
           -0.400000  0.400000  0.400000
   -3.875   -0.065    5.082    5.082    7.833    9.629    9.629   14.059
           -0.412500  0.412500  0.412500
   -3.786   -0.212    5.066    5.066    7.814    9.612    9.612   14.037
           -0.425000  0.425000  0.425000
   -3.703   -0.346    5.051    5.051    7.797    9.598    9.598   14.015
           -0.437500  0.437500  0.437500
   -3.626   -0.465    5.039    5.039    7.783    9.584    9.584   13.995
           -0.450000  0.450000  0.450000
   -3.558   -0.567    5.029    5.029    7.771    9.573    9.573   13.979
           -0.462500  0.462500  0.462500
   -3.501   -0.651    5.021    5.021    7.762    9.564    9.564   13.965
           -0.475000  0.475000  0.475000
   -3.459   -0.713    5.015    5.015    7.756    9.558    9.558   13.955
           -0.487500  0.487500  0.487500
   -3.432   -0.751    5.012    5.012    7.752    9.554    9.554   13.949
           -0.500000  0.500000  0.500000
   -3.423   -0.764    5.011    5.011    7.751    9.553    9.553   13.947
