 &plot nbnd=   8, nks=   201 /
            0.000000  0.000000  0.000000
   -5.719    6.256    6.256    6.256    8.801    8.801    8.801    9.628
           -0.025000  0.000000  0.000000
   -5.717    6.237    6.244    6.244    8.794    8.816    8.816    9.646
           -0.050000  0.000000  0.000000
   -5.709    6.182    6.209    6.209    8.774    8.862    8.862    9.700
           -0.075000  0.000000  0.000000
   -5.695    6.093    6.153    6.153    8.741    8.935    8.935    9.786
           -0.100000  0.000000  0.000000
   -5.676    5.976    6.079    6.079    8.696    9.032    9.032    9.898
           -0.125000  0.000000  0.000000
   -5.651    5.836    5.991    5.991    8.640    9.151    9.151   10.028
           -0.150000  0.000000  0.000000
   -5.621    5.677    5.892    5.892    8.575    9.286    9.286   10.170
           -0.175000  0.000000  0.000000
   -5.585    5.503    5.786    5.786    8.503    9.436    9.436   10.315
           -0.200000  0.000000  0.000000
   -5.544    5.318    5.675    5.675    8.424    9.597    9.597   10.453
           -0.225000  0.000000  0.000000
   -5.498    5.124    5.560    5.560    8.339    9.769    9.769   10.571
           -0.250000  0.000000  0.000000
   -5.446    4.922    5.443    5.443    8.251    9.948    9.948   10.656
           -0.275000  0.000000  0.000000
   -5.389    4.715    5.326    5.326    8.161   10.135   10.135   10.690
           -0.300000  0.000000  0.000000
   -5.327    4.504    5.209    5.209    8.069   10.328   10.328   10.667
           -0.325000  0.000000  0.000000
   -5.259    4.289    5.093    5.093    7.976   10.525   10.525   10.587
           -0.350000  0.000000  0.000000
   -5.186    4.072    4.979    4.979    7.884   10.463   10.728   10.728
           -0.375000  0.000000  0.000000
   -5.107    3.852    4.868    4.868    7.792   10.308   10.934   10.934
           -0.400000  0.000000  0.000000
   -5.023    3.631    4.759    4.759    7.703   10.134   11.143   11.143
           -0.425000  0.000000  0.000000
   -4.934    3.409    4.653    4.653    7.615    9.949   11.355   11.355
           -0.450000  0.000000  0.000000
   -4.840    3.185    4.550    4.550    7.530    9.758   11.571   11.571
           -0.475000  0.000000  0.000000
   -4.741    2.961    4.451    4.451    7.449    9.566   11.788   11.788
           -0.500000  0.000000  0.000000
   -4.636    2.736    4.356    4.356    7.371    9.375   12.008   12.008
           -0.525000  0.000000  0.000000
   -4.527    2.511    4.264    4.264    7.298    9.187   12.230   12.230
           -0.550000  0.000000  0.000000
   -4.412    2.286    4.177    4.177    7.228    9.004   12.453   12.453
           -0.575000  0.000000  0.000000
   -4.293    2.061    4.094    4.094    7.163    8.827   12.678   12.678
           -0.600000  0.000000  0.000000
   -4.169    1.837    4.015    4.015    7.103    8.655   12.905   12.905
           -0.625000  0.000000  0.000000
   -4.039    1.612    3.940    3.940    7.048    8.491   13.133   13.133
           -0.650000  0.000000  0.000000
   -3.905    1.389    3.870    3.870    6.998    8.333   13.363   13.363
           -0.675000  0.000000  0.000000
   -3.766    1.166    3.805    3.805    6.954    8.183   13.594   13.594
           -0.700000  0.000000  0.000000
   -3.623    0.944    3.744    3.744    6.916    8.041   13.826   13.826
           -0.725000  0.000000  0.000000
   -3.475    0.724    3.688    3.688    6.883    7.907   14.059   14.059
           -0.750000  0.000000  0.000000
   -3.322    0.505    3.637    3.637    6.856    7.780   14.294   14.294
           -0.775000  0.000000  0.000000
   -3.165    0.287    3.590    3.590    6.836    7.662   14.529   14.529
           -0.800000  0.000000  0.000000
   -3.004    0.071    3.549    3.549    6.822    7.551   14.765   14.765
           -0.825000  0.000000  0.000000
   -2.839   -0.142    3.512    3.512    6.814    7.449   15.001   15.001
           -0.850000  0.000000  0.000000
   -2.669   -0.354    3.480    3.480    6.813    7.354   15.237   15.237
           -0.875000  0.000000  0.000000
   -2.495   -0.563    3.452    3.452    6.818    7.268   15.471   15.471
           -0.900000  0.000000  0.000000
   -2.317   -0.770    3.430    3.430    6.831    7.189   15.702   15.702
           -0.925000  0.000000  0.000000
   -2.136   -0.975    3.413    3.413    6.850    7.118   15.924   15.924
           -0.950000  0.000000  0.000000
   -1.951   -1.176    3.401    3.401    6.876    7.054   16.128   16.128
           -0.975000  0.000000  0.000000
   -1.762   -1.375    3.393    3.393    6.910    6.999   16.290   16.290
           -1.000000  0.000000  0.000000
   -1.570   -1.570    3.391    3.391    6.951    6.951   16.357   16.357
           -1.000000  0.012500  0.000000
   -1.570   -1.570    3.389    3.389    6.954    6.954   16.351   16.351
           -1.000000  0.025000  0.000000
   -1.569   -1.569    3.382    3.382    6.966    6.966   16.332   16.332
           -1.000000  0.037500  0.000000
   -1.568   -1.568    3.372    3.372    6.985    6.985   16.300   16.300
           -1.000000  0.050000  0.000000
   -1.566   -1.566    3.357    3.357    7.011    7.011   16.253   16.253
           -1.000000  0.062500  0.000000
   -1.564   -1.564    3.339    3.339    7.045    7.045   16.190   16.190
           -1.000000  0.075000  0.000000
   -1.562   -1.562    3.318    3.318    7.085    7.085   16.111   16.111
           -1.000000  0.087500  0.000000
   -1.559   -1.559    3.293    3.293    7.133    7.133   16.015   16.015
           -1.000000  0.100000  0.000000
   -1.556   -1.556    3.265    3.265    7.186    7.186   15.905   15.905
           -1.000000  0.112500  0.000000
   -1.552   -1.552    3.235    3.235    7.246    7.246   15.783   15.783
           -1.000000  0.125000  0.000000
   -1.548   -1.548    3.203    3.203    7.311    7.311   15.651   15.651
           -1.000000  0.137500  0.000000
   -1.543   -1.543    3.168    3.168    7.382    7.382   15.511   15.511
           -1.000000  0.150000  0.000000
   -1.539   -1.539    3.133    3.133    7.458    7.458   15.366   15.366
           -1.000000  0.162500  0.000000
   -1.533   -1.533    3.095    3.095    7.538    7.538   15.215   15.215
           -1.000000  0.175000  0.000000
   -1.528   -1.528    3.057    3.057    7.623    7.623   15.061   15.061
           -1.000000  0.187500  0.000000
   -1.522   -1.522    3.019    3.019    7.713    7.713   14.904   14.904
           -1.000000  0.200000  0.000000
   -1.517   -1.517    2.979    2.979    7.806    7.806   14.745   14.745
           -1.000000  0.212500  0.000000
   -1.511   -1.511    2.940    2.940    7.903    7.903   14.584   14.584
           -1.000000  0.225000  0.000000
   -1.504   -1.504    2.901    2.901    8.004    8.004   14.423   14.423
           -1.000000  0.237500  0.000000
   -1.498   -1.498    2.862    2.862    8.108    8.108   14.260   14.260
           -1.000000  0.250000  0.000000
   -1.492   -1.492    2.824    2.824    8.215    8.215   14.097   14.097
           -1.000000  0.262500  0.000000
   -1.485   -1.485    2.786    2.786    8.325    8.325   13.934   13.934
           -1.000000  0.275000  0.000000
   -1.479   -1.479    2.750    2.750    8.437    8.437   13.771   13.771
           -1.000000  0.287500  0.000000
   -1.472   -1.472    2.714    2.714    8.552    8.552   13.608   13.608
           -1.000000  0.300000  0.000000
   -1.466   -1.466    2.679    2.679    8.670    8.670   13.445   13.445
           -1.000000  0.312500  0.000000
   -1.459   -1.459    2.646    2.646    8.790    8.790   13.283   13.283
           -1.000000  0.325000  0.000000
   -1.453   -1.453    2.615    2.615    8.912    8.912   13.121   13.121
           -1.000000  0.337500  0.000000
   -1.447   -1.447    2.585    2.585    9.036    9.036   12.961   12.961
           -1.000000  0.350000  0.000000
   -1.442   -1.442    2.557    2.557    9.162    9.162   12.801   12.801
           -1.000000  0.362500  0.000000
   -1.436   -1.436    2.531    2.531    9.289    9.289   12.642   12.642
           -1.000000  0.375000  0.000000
   -1.431   -1.431    2.506    2.506    9.418    9.418   12.485   12.485
           -1.000000  0.387500  0.000000
   -1.427   -1.427    2.484    2.484    9.548    9.548   12.329   12.329
           -1.000000  0.400000  0.000000
   -1.422   -1.422    2.464    2.464    9.679    9.679   12.176   12.176
           -1.000000  0.412500  0.000000
   -1.418   -1.418    2.446    2.446    9.810    9.810   12.024   12.024
           -1.000000  0.425000  0.000000
   -1.415   -1.415    2.430    2.430    9.940    9.940   11.876   11.876
           -1.000000  0.437500  0.000000
   -1.412   -1.412    2.417    2.417   10.069   10.069   11.733   11.733
           -1.000000  0.450000  0.000000
   -1.409   -1.409    2.406    2.406   10.194   10.194   11.595   11.595
           -1.000000  0.462500  0.000000
   -1.407   -1.407    2.397    2.397   10.312   10.312   11.468   11.468
           -1.000000  0.475000  0.000000
   -1.406   -1.406    2.391    2.391   10.416   10.416   11.358   11.358
           -1.000000  0.487500  0.000000
   -1.405   -1.405    2.387    2.387   10.492   10.492   11.278   11.278
           -1.000000  0.500000  0.000000
   -1.405   -1.405    2.386    2.386   10.521   10.521   11.248   11.248
           -0.993750  0.506250  0.000000
   -1.433   -1.377    2.365    2.409   10.485   10.540   11.239   11.275
           -0.987500  0.512500  0.000000
   -1.461   -1.350    2.344    2.433   10.423   10.554   11.257   11.308
           -0.981250  0.518750  0.000000
   -1.488   -1.324    2.323    2.460   10.342   10.564   11.297   11.346
           -0.975000  0.525000  0.000000
   -1.514   -1.299    2.303    2.489   10.249   10.570   11.350   11.389
           -0.968750  0.531250  0.000000
   -1.540   -1.276    2.284    2.519   10.148   10.573   11.413   11.437
           -0.962500  0.537500  0.000000
   -1.565   -1.254    2.264    2.552   10.043   10.573   11.482   11.489
           -0.956250  0.543750  0.000000
   -1.589   -1.233    2.246    2.586    9.935   10.571   11.544   11.555
           -0.950000  0.550000  0.000000
   -1.612   -1.213    2.228    2.621    9.826   10.567   11.601   11.632
           -0.943750  0.556250  0.000000
   -1.635   -1.194    2.210    2.659    9.716   10.561   11.661   11.712
           -0.937500  0.562500  0.000000
   -1.657   -1.176    2.193    2.698    9.606   10.555   11.723   11.794
           -0.931250  0.568750  0.000000
   -1.678   -1.159    2.177    2.739    9.496   10.547   11.788   11.877
           -0.925000  0.575000  0.000000
   -1.699   -1.144    2.161    2.781    9.387   10.539   11.853   11.962
           -0.918750  0.581250  0.000000
   -1.719   -1.129    2.145    2.824    9.279   10.531   11.920   12.048
           -0.912500  0.587500  0.000000
   -1.738   -1.115    2.130    2.868    9.173   10.522   11.988   12.135
           -0.906250  0.593750  0.000000
   -1.757   -1.102    2.116    2.914    9.067   10.513   12.057   12.223
           -0.900000  0.600000  0.000000
   -1.774   -1.090    2.102    2.960    8.963   10.504   12.127   12.312
           -0.893750  0.606250  0.000000
   -1.791   -1.079    2.088    3.007    8.861   10.495   12.198   12.401
           -0.887500  0.612500  0.000000
   -1.808   -1.069    2.075    3.055    8.761   10.486   12.270   12.492
           -0.881250  0.618750  0.000000
   -1.823   -1.059    2.063    3.103    8.662   10.477   12.342   12.583
           -0.875000  0.625000  0.000000
   -1.838   -1.051    2.051    3.152    8.566   10.469   12.415   12.675
           -0.868750  0.631250  0.000000
   -1.852   -1.042    2.040    3.201    8.472   10.460   12.488   12.768
           -0.862500  0.637500  0.000000
   -1.866   -1.035    2.030    3.249    8.381   10.452   12.562   12.861
           -0.856250  0.643750  0.000000
   -1.878   -1.028    2.020    3.298    8.292   10.445   12.636   12.954
           -0.850000  0.650000  0.000000
   -1.890   -1.022    2.010    3.346    8.207   10.437   12.710   13.049
           -0.843750  0.656250  0.000000
   -1.901   -1.016    2.001    3.393    8.124   10.430   12.785   13.143
           -0.837500  0.662500  0.000000
   -1.912   -1.011    1.993    3.439    8.045   10.424   12.859   13.239
           -0.831250  0.668750  0.000000
   -1.922   -1.006    1.985    3.484    7.969   10.417   12.934   13.334
           -0.825000  0.675000  0.000000
   -1.931   -1.002    1.978    3.527    7.898   10.411   13.009   13.430
           -0.818750  0.681250  0.000000
   -1.939   -0.998    1.971    3.569    7.830   10.406   13.083   13.527
           -0.812500  0.687500  0.000000
   -1.947   -0.995    1.965    3.608    7.767   10.401   13.157   13.623
           -0.806250  0.693750  0.000000
   -1.954   -0.992    1.959    3.645    7.709   10.397   13.230   13.720
           -0.800000  0.700000  0.000000
   -1.960   -0.989    1.955    3.680    7.656   10.393   13.303   13.817
           -0.793750  0.706250  0.000000
   -1.965   -0.987    1.950    3.711    7.608   10.389   13.374   13.914
           -0.787500  0.712500  0.000000
   -1.970   -0.985    1.946    3.738    7.566   10.386   13.443   14.011
           -0.781250  0.718750  0.000000
   -1.974   -0.983    1.943    3.762    7.529   10.383   13.509   14.107
           -0.775000  0.725000  0.000000
   -1.977   -0.982    1.941    3.782    7.499   10.381   13.571   14.202
           -0.768750  0.731250  0.000000
   -1.980   -0.981    1.939    3.798    7.476   10.379   13.627   14.294
           -0.762500  0.737500  0.000000
   -1.982   -0.980    1.937    3.810    7.459   10.378   13.672   14.315
           -0.756250  0.743750  0.000000
   -1.983   -0.980    1.936    3.817    7.448   10.377   13.703   14.285
           -0.750000  0.750000  0.000000
   -1.983   -0.980    1.936    3.819    7.445   10.377   13.714   14.274
           -0.731250  0.731250  0.000000
   -2.072   -0.888    1.879    3.883    7.519   10.758   13.483   14.039
           -0.712500  0.712500  0.000000
   -2.171   -0.790    1.841    3.952    7.598   11.142   13.256   13.812
           -0.693750  0.693750  0.000000
   -2.279   -0.686    1.822    4.024    7.681   11.526   13.034   13.599
           -0.675000  0.675000  0.000000
   -2.396   -0.574    1.820    4.099    7.769   11.899   12.816   13.406
           -0.656250  0.656250  0.000000
   -2.520   -0.457    1.836    4.178    7.859   12.234   12.602   13.263
           -0.637500  0.637500  0.000000
   -2.650   -0.333    1.867    4.259    7.954   12.394   12.444   13.254
           -0.618750  0.618750  0.000000
   -2.784   -0.203    1.913    4.344    8.051   12.191   12.439   13.260
           -0.600000  0.600000  0.000000
   -2.922   -0.066    1.973    4.431    8.150   11.993   12.312   13.103
           -0.581250  0.581250  0.000000
   -3.062    0.077    2.046    4.520    8.251   11.800   12.147   12.954
           -0.562500  0.562500  0.000000
   -3.204    0.226    2.131    4.611    8.354   11.613   11.972   12.811
           -0.543750  0.543750  0.000000
   -3.346    0.381    2.227    4.703    8.456   11.432   11.795   12.677
           -0.525000  0.525000  0.000000
   -3.487    0.543    2.332    4.796    8.559   11.256   11.620   12.551
           -0.506250  0.506250  0.000000
   -3.627    0.711    2.447    4.890    8.659   11.086   11.449   12.434
           -0.487500  0.487500  0.000000
   -3.765    0.885    2.571    4.983    8.757   10.922   11.282   12.328
           -0.468750  0.468750  0.000000
   -3.900    1.064    2.702    5.077    8.851   10.763   11.120   12.233
           -0.450000  0.450000  0.000000
   -4.033    1.250    2.840    5.169    8.939   10.611   10.963   12.150
           -0.431250  0.431250  0.000000
   -4.162    1.442    2.986    5.259    9.021   10.464   10.810   12.079
           -0.412500  0.412500  0.000000
   -4.288    1.639    3.137    5.348    9.094   10.324   10.664   12.023
           -0.393750  0.393750  0.000000
   -4.409    1.842    3.294    5.434    9.157   10.189   10.522   11.979
           -0.375000  0.375000  0.000000
   -4.526    2.050    3.456    5.517    9.209   10.061   10.386   11.948
           -0.356250  0.356250  0.000000
   -4.638    2.264    3.622    5.596    9.251    9.939   10.255   11.929
           -0.337500  0.337500  0.000000
   -4.746    2.483    3.793    5.672    9.280    9.823   10.130   11.918
           -0.318750  0.318750  0.000000
   -4.848    2.707    3.966    5.743    9.299    9.713   10.010   11.911
           -0.300000  0.300000  0.000000
   -4.946    2.936    4.142    5.809    9.307    9.609    9.894   11.903
           -0.281250  0.281250  0.000000
   -5.038    3.169    4.320    5.871    9.306    9.511    9.784   11.884
           -0.262500  0.262500  0.000000
   -5.124    3.407    4.498    5.927    9.297    9.420    9.679   11.846
           -0.243750  0.243750  0.000000
   -5.205    3.648    4.677    5.978    9.282    9.335    9.578   11.777
           -0.225000  0.225000  0.000000
   -5.280    3.892    4.854    6.025    9.256    9.262    9.483   11.669
           -0.206250  0.206250  0.000000
   -5.350    4.139    5.029    6.066    9.183    9.238    9.392   11.518
           -0.187500  0.187500  0.000000
   -5.413    4.387    5.201    6.103    9.117    9.211    9.305   11.329
           -0.168750  0.168750  0.000000
   -5.471    4.635    5.367    6.134    9.057    9.181    9.224   11.110
           -0.150000  0.150000  0.000000
   -5.523    4.883    5.527    6.162    9.003    9.147    9.148   10.874
           -0.131250  0.131250  0.000000
   -5.569    5.126    5.677    6.186    8.956    9.076    9.113   10.631
           -0.112500  0.112500  0.000000
   -5.609    5.364    5.816    6.205    8.915    9.010    9.074   10.394
           -0.093750  0.093750  0.000000
   -5.643    5.590    5.941    6.221    8.880    8.951    9.029   10.173
           -0.075000  0.075000  0.000000
   -5.670    5.799    6.049    6.234    8.851    8.900    8.978    9.980
           -0.056250  0.056250  0.000000
   -5.692    5.982    6.137    6.244    8.829    8.858    8.920    9.825
           -0.037500  0.037500  0.000000
   -5.707    6.128    6.202    6.251    8.813    8.827    8.862    9.714
           -0.018750  0.018750  0.000000
   -5.716    6.223    6.243    6.255    8.804    8.807    8.818    9.649
            0.000000  0.000000  0.000000
   -5.719    6.256    6.256    6.256    8.801    8.801    8.801    9.628
           -0.012500  0.012500  0.012500
   -5.717    6.231    6.253    6.253    8.806    8.806    8.808    9.642
           -0.025000  0.025000  0.025000
   -5.711    6.159    6.242    6.242    8.822    8.822    8.827    9.685
           -0.037500  0.037500  0.037500
   -5.701    6.044    6.224    6.224    8.847    8.847    8.848    9.760
           -0.050000  0.050000  0.050000
   -5.687    5.897    6.200    6.200    8.863    8.882    8.882    9.868
           -0.062500  0.062500  0.062500
   -5.668    5.724    6.171    6.171    8.868    8.926    8.926   10.006
           -0.075000  0.075000  0.075000
   -5.646    5.531    6.136    6.136    8.862    8.976    8.976   10.169
           -0.087500  0.087500  0.087500
   -5.619    5.324    6.098    6.098    8.845    9.033    9.033   10.352
           -0.100000  0.100000  0.100000
   -5.588    5.107    6.056    6.056    8.819    9.095    9.095   10.549
           -0.112500  0.112500  0.112500
   -5.554    4.882    6.011    6.011    8.786    9.160    9.160   10.757
           -0.125000  0.125000  0.125000
   -5.515    4.652    5.965    5.965    8.748    9.228    9.228   10.972
           -0.137500  0.137500  0.137500
   -5.473    4.419    5.917    5.917    8.707    9.296    9.296   11.192
           -0.150000  0.150000  0.150000
   -5.426    4.184    5.868    5.868    8.662    9.364    9.364   11.415
           -0.162500  0.162500  0.162500
   -5.376    3.947    5.819    5.819    8.615    9.430    9.430   11.639
           -0.175000  0.175000  0.175000
   -5.321    3.711    5.770    5.770    8.567    9.493    9.493   11.865
           -0.187500  0.187500  0.187500
   -5.263    3.475    5.721    5.721    8.518    9.552    9.552   12.090
           -0.200000  0.200000  0.200000
   -5.202    3.240    5.673    5.673    8.469    9.605    9.605   12.313
           -0.212500  0.212500  0.212500
   -5.136    3.006    5.625    5.625    8.421    9.651    9.651   12.536
           -0.225000  0.225000  0.225000
   -5.067    2.775    5.579    5.579    8.372    9.690    9.690   12.755
           -0.237500  0.237500  0.237500
   -4.995    2.546    5.535    5.535    8.325    9.722    9.722   12.970
           -0.250000  0.250000  0.250000
   -4.919    2.320    5.491    5.491    8.279    9.746    9.746   13.180
           -0.262500  0.262500  0.262500
   -4.840    2.097    5.450    5.450    8.234    9.763    9.763   13.382
           -0.275000  0.275000  0.275000
   -4.758    1.877    5.410    5.410    8.191    9.773    9.773   13.572
           -0.287500  0.287500  0.287500
   -4.673    1.661    5.372    5.372    8.149    9.776    9.776   13.720
           -0.300000  0.300000  0.300000
   -4.585    1.450    5.336    5.336    8.110    9.773    9.773   13.842
           -0.312500  0.312500  0.312500
   -4.495    1.243    5.302    5.302    8.072    9.766    9.766   13.979
           -0.325000  0.325000  0.325000
   -4.403    1.042    5.270    5.270    8.037    9.755    9.755   14.090
           -0.337500  0.337500  0.337500
   -4.310    0.845    5.240    5.240    8.003    9.741    9.741   14.134
           -0.350000  0.350000  0.350000
   -4.215    0.655    5.212    5.212    7.972    9.725    9.725   14.151
           -0.362500  0.362500  0.362500
   -4.119    0.472    5.187    5.187    7.943    9.707    9.707   14.149
           -0.375000  0.375000  0.375000
   -4.024    0.296    5.163    5.163    7.917    9.689    9.689   14.135
           -0.387500  0.387500  0.387500
   -3.929    0.129    5.142    5.142    7.893    9.671    9.671   14.116
           -0.400000  0.400000  0.400000
   -3.837   -0.029    5.123    5.123    7.871    9.654    9.654   14.093
           -0.412500  0.412500  0.412500
   -3.748   -0.176    5.106    5.106    7.852    9.637    9.637   14.070
           -0.425000  0.425000  0.425000
   -3.664   -0.310    5.092    5.092    7.836    9.622    9.622   14.048
           -0.437500  0.437500  0.437500
   -3.587   -0.430    5.079    5.079    7.822    9.609    9.609   14.029
           -0.450000  0.450000  0.450000
   -3.519   -0.532    5.069    5.069    7.810    9.598    9.598   14.012
           -0.462500  0.462500  0.462500
   -3.462   -0.616    5.061    5.061    7.801    9.589    9.589   13.998
           -0.475000  0.475000  0.475000
   -3.419   -0.678    5.056    5.056    7.795    9.582    9.582   13.988
           -0.487500  0.487500  0.487500
   -3.393   -0.716    5.052    5.052    7.791    9.578    9.578   13.982
           -0.500000  0.500000  0.500000
   -3.384   -0.729    5.051    5.051    7.789    9.577    9.577   13.980
